
SUMMARISING RUN PARAMETERS
==========================
Input filename: /mnt/xomics/remcovc/raw_data_recognition_2020-03/umi_extracted/001_GATACTGG-GAAGGTTC_L003_R1.processed.fastq.gz
Trimming mode: paired-end
Trim Galore version: 0.6.6
Cutadapt version: 3.4
Number of cores used for trimming: 1
Quality Phred score cutoff: 20
Quality encoding type selected: ASCII+33
Using Illumina adapter for trimming (count: 40868). Second best hit was smallRNA (count: 18)
Adapter sequence: 'AGATCGGAAGAGC' (Illumina TruSeq, Sanger iPCR; auto-detected)
Maximum trimming error rate: 0.1 (default)
Minimum required adapter overlap (stringency): 1 bp
Minimum required sequence length for both reads before a sequence pair gets removed: 20 bp
Running FastQC on the data once trimming has completed
Output file will be GZIP compressed


This is cutadapt 3.4 with Python 3.8.5
Command line parameters: -j 1 -e 0.1 -q 20 -O 1 -a AGATCGGAAGAGC /mnt/xomics/remcovc/raw_data_recognition_2020-03/umi_extracted/001_GATACTGG-GAAGGTTC_L003_R1.processed.fastq.gz
Processing reads on 1 core in single-end mode ...
Finished in 705.33 s (26 µs/read; 2.27 M reads/minute).

=== Summary ===

Total reads processed:              26,677,672
Reads with adapters:                10,357,301 (38.8%)
Reads written (passing filters):    26,677,672 (100.0%)

Total basepairs processed: 4,001,650,800 bp
Quality-trimmed:               7,543,424 bp (0.2%)
Total written (filtered):  3,894,709,877 bp (97.3%)

=== Adapter 1 ===

Sequence: AGATCGGAAGAGC; Type: regular 3'; Length: 13; Trimmed: 10357301 times

No. of allowed errors:
1-9 bp: 0; 10-13 bp: 1

Bases preceding removed adapters:
  A: 30.2%
  C: 30.3%
  G: 25.1%
  T: 14.3%
  none/other: 0.0%

Overview of removed sequences
length	count	expect	max.err	error counts
1	6221861	6669418.0	0	6221861
2	1874850	1667354.5	0	1874850
3	626710	416838.6	0	626710
4	155054	104209.7	0	155054
5	65763	26052.4	0	65763
6	41622	6513.1	0	41622
7	38007	1628.3	0	38007
8	39646	407.1	0	39646
9	35973	101.8	0	35539 434
10	34004	25.4	1	32243 1761
11	34526	6.4	1	32418 2108
12	33460	1.6	1	32130 1330
13	29979	0.4	1	28942 1037
14	30317	0.4	1	28919 1398
15	29903	0.4	1	28751 1152
16	29102	0.4	1	27312 1790
17	30675	0.4	1	28954 1721
18	29192	0.4	1	28143 1049
19	22391	0.4	1	21567 824
20	25540	0.4	1	24530 1010
21	24501	0.4	1	23566 935
22	21745	0.4	1	21114 631
23	22329	0.4	1	21360 969
24	22333	0.4	1	20909 1424
25	20781	0.4	1	19867 914
26	17492	0.4	1	16855 637
27	19525	0.4	1	18618 907
28	16601	0.4	1	15954 647
29	17873	0.4	1	16692 1181
30	17347	0.4	1	16645 702
31	13496	0.4	1	13059 437
32	15424	0.4	1	14947 477
33	14174	0.4	1	13429 745
34	14007	0.4	1	13260 747
35	11828	0.4	1	11432 396
36	13043	0.4	1	12274 769
37	10882	0.4	1	10550 332
38	12279	0.4	1	11328 951
39	10336	0.4	1	9757 579
40	9436	0.4	1	9018 418
41	9120	0.4	1	8760 360
42	8801	0.4	1	8530 271
43	8104	0.4	1	7716 388
44	8231	0.4	1	7832 399
45	7978	0.4	1	7399 579
46	7067	0.4	1	6692 375
47	6774	0.4	1	6399 375
48	6067	0.4	1	5623 444
49	6092	0.4	1	5747 345
50	5678	0.4	1	5357 321
51	5178	0.4	1	4894 284
52	6343	0.4	1	5675 668
53	5035	0.4	1	4635 400
54	7628	0.4	1	7275 353
55	1787	0.4	1	1592 195
56	3575	0.4	1	3342 233
57	6334	0.4	1	6043 291
58	3866	0.4	1	3595 271
59	3009	0.4	1	2671 338
60	3586	0.4	1	3354 232
61	2511	0.4	1	2346 165
62	2139	0.4	1	2019 120
63	2728	0.4	1	2525 203
64	3267	0.4	1	3098 169
65	1877	0.4	1	1726 151
66	1970	0.4	1	1819 151
67	1618	0.4	1	1516 102
68	1895	0.4	1	1773 122
69	976	0.4	1	891 85
70	839	0.4	1	693 146
71	1850	0.4	1	1751 99
72	1250	0.4	1	1153 97
73	993	0.4	1	809 184
74	830	0.4	1	755 75
75	4367	0.4	1	3922 445
76	1159	0.4	1	906 253
77	1170	0.4	1	913 257
78	689	0.4	1	577 112
79	572	0.4	1	486 86
80	359	0.4	1	283 76
81	936	0.4	1	574 362
82	2118	0.4	1	1532 586
83	1328	0.4	1	1147 181
84	1558	0.4	1	1276 282
85	1501	0.4	1	1220 281
86	1465	0.4	1	1196 269
87	1047	0.4	1	841 206
88	1715	0.4	1	1388 327
89	635	0.4	1	493 142
90	625	0.4	1	478 147
91	533	0.4	1	382 151
92	684	0.4	1	496 188
93	580	0.4	1	321 259
94	285	0.4	1	243 42
95	513	0.4	1	427 86
96	242	0.4	1	215 27
97	526	0.4	1	417 109
98	177	0.4	1	155 22
99	181	0.4	1	152 29
100	260	0.4	1	178 82
101	304	0.4	1	213 91
102	176	0.4	1	158 18
103	98	0.4	1	82 16
104	152	0.4	1	104 48
105	132	0.4	1	113 19
106	137	0.4	1	129 8
107	190	0.4	1	164 26
108	168	0.4	1	140 28
109	90	0.4	1	78 12
110	92	0.4	1	80 12
111	128	0.4	1	107 21
112	130	0.4	1	122 8
113	145	0.4	1	136 9
114	170	0.4	1	158 12
115	147	0.4	1	137 10
116	153	0.4	1	132 21
117	151	0.4	1	137 14
118	257	0.4	1	243 14
119	191	0.4	1	179 12
120	163	0.4	1	139 24
121	230	0.4	1	146 84
122	155	0.4	1	130 25
123	296	0.4	1	264 32
124	137	0.4	1	119 18
125	268	0.4	1	221 47
126	411	0.4	1	341 70
127	203	0.4	1	140 63
128	456	0.4	1	371 85
129	566	0.4	1	500 66
130	130649	0.4	1	120473 10176
131	3125	0.4	1	2736 389
132	1728	0.4	1	1623 105
133	351	0.4	1	328 23
134	712	0.4	1	672 40
135	677	0.4	1	602 75
136	636	0.4	1	596 40
137	1251	0.4	1	1087 164
138	1815	0.4	1	1651 164
139	1568	0.4	1	1475 93
140	1581	0.4	1	1467 114
141	4252	0.4	1	3959 293
142	8903	0.4	1	2314 6589
143	4106	0.4	1	3791 315
144	14847	0.4	1	14696 151
145	26878	0.4	1	26614 264
146	5115	0.4	1	4977 138
147	5824	0.4	1	5545 279
148	6406	0.4	1	6279 127
149	1526	0.4	1	732 794
150	205227	0.4	1	3812 201415

RUN STATISTICS FOR INPUT FILE: /mnt/xomics/remcovc/raw_data_recognition_2020-03/umi_extracted/001_GATACTGG-GAAGGTTC_L003_R1.processed.fastq.gz
=============================================
26677672 sequences processed in total

