
SUMMARISING RUN PARAMETERS
==========================
Input filename: /mnt/xomics/remcovc/raw_data_recognition_2020-03/umi_extracted/001_GATACTGG-GAAGGTTC_L003_R3.processed.fastq.gz
Trimming mode: paired-end
Trim Galore version: 0.6.6
Cutadapt version: 3.4
Number of cores used for trimming: 1
Quality Phred score cutoff: 20
Quality encoding type selected: ASCII+33
Using Illumina adapter for trimming (count: 40868). Second best hit was smallRNA (count: 18)
Adapter sequence: 'AGATCGGAAGAGC' (Illumina TruSeq, Sanger iPCR; auto-detected)
Maximum trimming error rate: 0.1 (default)
Minimum required adapter overlap (stringency): 1 bp
Minimum required sequence length for both reads before a sequence pair gets removed: 20 bp
Running FastQC on the data once trimming has completed
Output file will be GZIP compressed


This is cutadapt 3.4 with Python 3.8.5
Command line parameters: -j 1 -e 0.1 -q 20 -O 1 -a AGATCGGAAGAGC /mnt/xomics/remcovc/raw_data_recognition_2020-03/umi_extracted/001_GATACTGG-GAAGGTTC_L003_R3.processed.fastq.gz
Processing reads on 1 core in single-end mode ...
Finished in 753.60 s (28 µs/read; 2.12 M reads/minute).

=== Summary ===

Total reads processed:              26,677,672
Reads with adapters:                 9,457,112 (35.4%)
Reads written (passing filters):    26,677,672 (100.0%)

Total basepairs processed: 4,001,650,800 bp
Quality-trimmed:               7,556,861 bp (0.2%)
Total written (filtered):  3,928,415,193 bp (98.2%)

=== Adapter 1 ===

Sequence: AGATCGGAAGAGC; Type: regular 3'; Length: 13; Trimmed: 9457112 times

No. of allowed errors:
1-9 bp: 0; 10-13 bp: 1

Bases preceding removed adapters:
  A: 26.7%
  C: 33.5%
  G: 22.8%
  T: 16.9%
  none/other: 0.1%

Overview of removed sequences
length	count	expect	max.err	error counts
1	5715844	6669418.0	0	5715844
2	1831441	1667354.5	0	1831441
3	499156	416838.6	0	499156
4	138697	104209.7	0	138697
5	59899	26052.4	0	59899
6	40959	6513.1	0	40959
7	38062	1628.3	0	38062
8	42449	407.1	0	42449
9	31903	101.8	0	31663 240
10	36255	25.4	1	33958 2297
11	32499	6.4	1	30850 1649
12	34727	1.6	1	32702 2025
13	31057	0.4	1	29401 1656
14	34895	0.4	1	33064 1831
15	26471	0.4	1	24841 1630
16	28603	0.4	1	27207 1396
17	33778	0.4	1	31984 1794
18	21154	0.4	1	19909 1245
19	30172	0.4	1	28620 1552
20	26153	0.4	1	24932 1221
21	21589	0.4	1	20711 878
22	23123	0.4	1	21983 1140
23	22643	0.4	1	21338 1305
24	22597	0.4	1	21254 1343
25	21565	0.4	1	20584 981
26	18705	0.4	1	17943 762
27	18579	0.4	1	17644 935
28	17950	0.4	1	17134 816
29	16236	0.4	1	15526 710
30	15871	0.4	1	15158 713
31	17325	0.4	1	16542 783
32	14810	0.4	1	14230 580
33	15809	0.4	1	15032 777
34	14516	0.4	1	13694 822
35	13809	0.4	1	13184 625
36	12300	0.4	1	11569 731
37	12399	0.4	1	11804 595
38	13439	0.4	1	12781 658
39	11353	0.4	1	10916 437
40	9265	0.4	1	8738 527
41	7505	0.4	1	7167 338
42	12470	0.4	1	12009 461
43	6622	0.4	1	6193 429
44	19197	0.4	1	18670 527
45	10039	0.4	1	9627 412
46	3880	0.4	1	3548 332
47	10290	0.4	1	9939 351
48	3809	0.4	1	3601 208
49	4914	0.4	1	4724 190
50	2761	0.4	1	2566 195
51	3270	0.4	1	3074 196
52	2121	0.4	1	1979 142
53	4822	0.4	1	4594 228
54	5735	0.4	1	5542 193
55	2871	0.4	1	2712 159
56	4181	0.4	1	4004 177
57	6646	0.4	1	6458 188
58	3083	0.4	1	2957 126
59	2525	0.4	1	2374 151
60	5394	0.4	1	5006 388
61	2528	0.4	1	2407 121
62	1786	0.4	1	1655 131
63	4723	0.4	1	4523 200
64	4205	0.4	1	4020 185
65	2198	0.4	1	2051 147
66	2297	0.4	1	2130 167
67	1846	0.4	1	1723 123
68	1245	0.4	1	1157 88
69	976	0.4	1	897 79
70	1240	0.4	1	1143 97
71	837	0.4	1	761 76
72	740	0.4	1	623 117
73	906	0.4	1	797 109
74	799	0.4	1	665 134
75	842	0.4	1	683 159
76	940	0.4	1	747 193
77	1014	0.4	1	830 184
78	632	0.4	1	532 100
79	608	0.4	1	495 113
80	4462	0.4	1	4067 395
81	11280	0.4	1	10992 288
82	2818	0.4	1	1927 891
83	1054	0.4	1	796 258
84	1562	0.4	1	1123 439
85	1311	0.4	1	857 454
86	1075	0.4	1	709 366
87	1041	0.4	1	794 247
88	1246	0.4	1	965 281
89	695	0.4	1	594 101
90	479	0.4	1	413 66
91	380	0.4	1	318 62
92	546	0.4	1	395 151
93	596	0.4	1	393 203
94	515	0.4	1	447 68
95	474	0.4	1	337 137
96	247	0.4	1	201 46
97	526	0.4	1	393 133
98	279	0.4	1	231 48
99	185	0.4	1	149 36
100	288	0.4	1	253 35
101	241	0.4	1	186 55
102	253	0.4	1	204 49
103	148	0.4	1	98 50
104	349	0.4	1	252 97
105	155	0.4	1	117 38
106	288	0.4	1	128 160
107	173	0.4	1	131 42
108	299	0.4	1	158 141
109	90	0.4	1	71 19
110	109	0.4	1	73 36
111	335	0.4	1	193 142
112	132	0.4	1	110 22
113	95	0.4	1	72 23
114	125	0.4	1	102 23
115	89	0.4	1	77 12
116	105	0.4	1	86 19
117	97	0.4	1	90 7
118	89	0.4	1	65 24
119	66	0.4	1	54 12
120	71	0.4	1	48 23
121	221	0.4	1	59 162
122	70	0.4	1	63 7
123	277	0.4	1	252 25
124	94	0.4	1	80 14
125	243	0.4	1	205 38
126	405	0.4	1	330 75
127	189	0.4	1	137 52
128	360	0.4	1	327 33
129	868	0.4	1	753 115
130	134559	0.4	1	129643 4916
131	3570	0.4	1	3228 342
132	1821	0.4	1	1641 180
133	452	0.4	1	297 155
134	1024	0.4	1	748 276
135	645	0.4	1	486 159
136	448	0.4	1	364 84
137	910	0.4	1	782 128
138	1645	0.4	1	1436 209
139	754	0.4	1	672 82
140	840	0.4	1	669 171
141	4582	0.4	1	3600 982
142	2612	0.4	1	2257 355
143	2014	0.4	1	1316 698
144	4222	0.4	1	1728 2494
145	6428	0.4	1	2713 3715
146	1675	0.4	1	770 905
147	2319	0.4	1	1573 746
148	2306	0.4	1	1022 1284
149	3171	0.4	1	386 2785
150	23466	0.4	1	2975 20491

RUN STATISTICS FOR INPUT FILE: /mnt/xomics/remcovc/raw_data_recognition_2020-03/umi_extracted/001_GATACTGG-GAAGGTTC_L003_R3.processed.fastq.gz
=============================================
26677672 sequences processed in total

Total number of sequences analysed for the sequence pair length validation: 26677672

Number of sequence pairs removed because at least one read was shorter than the length cutoff (20 bp): 335307 (1.26%)
