
SUMMARISING RUN PARAMETERS
==========================
Input filename: /mnt/xomics/remcovc/raw_data_recognition_2020-03/umi_extracted/002_ATTCGAGG-GAGCTTGT_L003_R3.processed.fastq.gz
Trimming mode: paired-end
Trim Galore version: 0.6.6
Cutadapt version: 3.4
Number of cores used for trimming: 1
Quality Phred score cutoff: 20
Quality encoding type selected: ASCII+33
Using Illumina adapter for trimming (count: 67440). Second best hit was smallRNA (count: 6)
Adapter sequence: 'AGATCGGAAGAGC' (Illumina TruSeq, Sanger iPCR; auto-detected)
Maximum trimming error rate: 0.1 (default)
Minimum required adapter overlap (stringency): 1 bp
Minimum required sequence length for both reads before a sequence pair gets removed: 20 bp
Running FastQC on the data once trimming has completed
Output file will be GZIP compressed


This is cutadapt 3.4 with Python 3.8.5
Command line parameters: -j 1 -e 0.1 -q 20 -O 1 -a AGATCGGAAGAGC /mnt/xomics/remcovc/raw_data_recognition_2020-03/umi_extracted/002_ATTCGAGG-GAGCTTGT_L003_R3.processed.fastq.gz
Processing reads on 1 core in single-end mode ...
Finished in 797.73 s (28 µs/read; 2.15 M reads/minute).

=== Summary ===

Total reads processed:              28,565,050
Reads with adapters:                10,957,662 (38.4%)
Reads written (passing filters):    28,565,050 (100.0%)

Total basepairs processed: 4,284,757,500 bp
Quality-trimmed:               6,149,703 bp (0.1%)
Total written (filtered):  4,175,814,425 bp (97.5%)

=== Adapter 1 ===

Sequence: AGATCGGAAGAGC; Type: regular 3'; Length: 13; Trimmed: 10957662 times

No. of allowed errors:
1-9 bp: 0; 10-13 bp: 1

Bases preceding removed adapters:
  A: 26.3%
  C: 32.4%
  G: 24.0%
  T: 17.3%
  none/other: 0.0%

Overview of removed sequences
length	count	expect	max.err	error counts
1	6223266	7141262.5	0	6223266
2	1879366	1785315.6	0	1879366
3	557085	446328.9	0	557085
4	173415	111582.2	0	173415
5	90077	27895.6	0	90077
6	68954	6973.9	0	68954
7	63637	1743.5	0	63637
8	71633	435.9	0	71633
9	54907	109.0	0	54586 321
10	62154	27.2	1	58948 3206
11	57999	6.8	1	53912 4087
12	58167	1.7	1	53894 4273
13	56535	0.4	1	52346 4189
14	59204	0.4	1	54872 4332
15	45092	0.4	1	41516 3576
16	51082	0.4	1	47382 3700
17	53633	0.4	1	49868 3765
18	39377	0.4	1	36002 3375
19	52823	0.4	1	49055 3768
20	44267	0.4	1	41168 3099
21	37095	0.4	1	34272 2823
22	41093	0.4	1	37903 3190
23	39463	0.4	1	36620 2843
24	40570	0.4	1	37202 3368
25	37548	0.4	1	34990 2558
26	32163	0.4	1	29881 2282
27	32189	0.4	1	29515 2674
28	32169	0.4	1	29782 2387
29	28991	0.4	1	26841 2150
30	29439	0.4	1	27132 2307
31	28942	0.4	1	27095 1847
32	25884	0.4	1	23883 2001
33	27488	0.4	1	25327 2161
34	25174	0.4	1	23268 1906
35	22256	0.4	1	20632 1624
36	24069	0.4	1	22598 1471
37	20178	0.4	1	18079 2099
38	21795	0.4	1	20399 1396
39	19990	0.4	1	18933 1057
40	13365	0.4	1	12182 1183
41	16448	0.4	1	14982 1466
42	23976	0.4	1	22931 1045
43	8884	0.4	1	7553 1331
44	22049	0.4	1	21106 943
45	12246	0.4	1	11459 787
46	8279	0.4	1	7369 910
47	15655	0.4	1	14948 707
48	7982	0.4	1	7435 547
49	7767	0.4	1	7200 567
50	6811	0.4	1	6381 430
51	6327	0.4	1	5906 421
52	5085	0.4	1	4677 408
53	7162	0.4	1	6669 493
54	8017	0.4	1	7484 533
55	4677	0.4	1	4232 445
56	5972	0.4	1	5555 417
57	8222	0.4	1	7895 327
58	4174	0.4	1	3831 343
59	3657	0.4	1	3296 361
60	5605	0.4	1	5282 323
61	3217	0.4	1	2997 220
62	2679	0.4	1	2451 228
63	4860	0.4	1	4579 281
64	3746	0.4	1	3540 206
65	2427	0.4	1	2232 195
66	2584	0.4	1	2411 173
67	2230	0.4	1	2058 172
68	1651	0.4	1	1517 134
69	1580	0.4	1	1453 127
70	1571	0.4	1	1442 129
71	1053	0.4	1	1004 49
72	802	0.4	1	729 73
73	683	0.4	1	617 66
74	603	0.4	1	552 51
75	890	0.4	1	788 102
76	573	0.4	1	489 84
77	476	0.4	1	410 66
78	540	0.4	1	440 100
79	489	0.4	1	433 56
80	559	0.4	1	456 103
81	479	0.4	1	369 110
82	416	0.4	1	367 49
83	2201	0.4	1	1104 1097
84	478	0.4	1	371 107
85	3106	0.4	1	1477 1629
86	529	0.4	1	390 139
87	557	0.4	1	314 243
88	340	0.4	1	237 103
89	759	0.4	1	385 374
90	315	0.4	1	235 80
91	1004	0.4	1	487 517
92	293	0.4	1	231 62
93	256	0.4	1	174 82
94	155	0.4	1	109 46
95	377	0.4	1	223 154
96	197	0.4	1	132 65
97	159	0.4	1	92 67
98	130	0.4	1	101 29
99	179	0.4	1	110 69
100	135	0.4	1	87 48
101	65	0.4	1	53 12
102	48	0.4	1	38 10
103	58	0.4	1	46 12
104	136	0.4	1	33 103
105	46	0.4	1	30 16
106	44	0.4	1	31 13
107	82	0.4	1	51 31
108	52	0.4	1	40 12
109	45	0.4	1	29 16
110	34	0.4	1	25 9
111	33	0.4	1	23 10
112	35	0.4	1	26 9
113	25	0.4	1	22 3
114	20	0.4	1	9 11
115	27	0.4	1	21 6
116	22	0.4	1	16 6
117	39	0.4	1	33 6
118	42	0.4	1	38 4
119	44	0.4	1	32 12
120	38	0.4	1	33 5
121	61	0.4	1	22 39
122	46	0.4	1	32 14
123	52	0.4	1	39 13
124	70	0.4	1	64 6
125	144	0.4	1	138 6
126	533	0.4	1	519 14
127	139	0.4	1	122 17
128	835	0.4	1	776 59
129	1971	0.4	1	1777 194
130	293432	0.4	1	284467 8965
131	7135	0.4	1	6690 445
132	6420	0.4	1	6112 308
133	1135	0.4	1	1049 86
134	3439	0.4	1	3146 293
135	1982	0.4	1	1817 165
136	1679	0.4	1	1534 145
137	2020	0.4	1	1613 407
138	4254	0.4	1	3791 463
139	2178	0.4	1	1855 323
140	2267	0.4	1	1479 788
141	7163	0.4	1	4391 2772
142	2861	0.4	1	1799 1062
143	4837	0.4	1	2200 2637
144	7819	0.4	1	2955 4864
145	13411	0.4	1	5087 8324
146	1877	0.4	1	776 1101
147	6796	0.4	1	5064 1732
148	3458	0.4	1	1411 2047
149	331	0.4	1	178 153
150	1575	0.4	1	750 825

RUN STATISTICS FOR INPUT FILE: /mnt/xomics/remcovc/raw_data_recognition_2020-03/umi_extracted/002_ATTCGAGG-GAGCTTGT_L003_R3.processed.fastq.gz
=============================================
28565050 sequences processed in total

Total number of sequences analysed for the sequence pair length validation: 28565050

Number of sequence pairs removed because at least one read was shorter than the length cutoff (20 bp): 198997 (0.70%)
