
SUMMARISING RUN PARAMETERS
==========================
Input filename: /mnt/xomics/remcovc/raw_data_recognition_2020-03/umi_extracted/002_ATTCGAGG-GAGCTTGT_L003_R1.processed.fastq.gz
Trimming mode: paired-end
Trim Galore version: 0.6.6
Cutadapt version: 3.4
Number of cores used for trimming: 1
Quality Phred score cutoff: 20
Quality encoding type selected: ASCII+33
Using Illumina adapter for trimming (count: 67440). Second best hit was smallRNA (count: 6)
Adapter sequence: 'AGATCGGAAGAGC' (Illumina TruSeq, Sanger iPCR; auto-detected)
Maximum trimming error rate: 0.1 (default)
Minimum required adapter overlap (stringency): 1 bp
Minimum required sequence length for both reads before a sequence pair gets removed: 20 bp
Running FastQC on the data once trimming has completed
Output file will be GZIP compressed


This is cutadapt 3.4 with Python 3.8.5
Command line parameters: -j 1 -e 0.1 -q 20 -O 1 -a AGATCGGAAGAGC /mnt/xomics/remcovc/raw_data_recognition_2020-03/umi_extracted/002_ATTCGAGG-GAGCTTGT_L003_R1.processed.fastq.gz
Processing reads on 1 core in single-end mode ...
Finished in 745.97 s (26 µs/read; 2.30 M reads/minute).

=== Summary ===

Total reads processed:              28,565,050
Reads with adapters:                11,792,368 (41.3%)
Reads written (passing filters):    28,565,050 (100.0%)

Total basepairs processed: 4,284,757,500 bp
Quality-trimmed:               5,723,774 bp (0.1%)
Total written (filtered):  4,159,433,235 bp (97.1%)

=== Adapter 1 ===

Sequence: AGATCGGAAGAGC; Type: regular 3'; Length: 13; Trimmed: 11792368 times

No. of allowed errors:
1-9 bp: 0; 10-13 bp: 1

Bases preceding removed adapters:
  A: 29.5%
  C: 30.1%
  G: 26.3%
  T: 14.1%
  none/other: 0.0%

Overview of removed sequences
length	count	expect	max.err	error counts
1	6651494	7141262.5	0	6651494
2	1987627	1785315.6	0	1987627
3	711360	446328.9	0	711360
4	199389	111582.2	0	199389
5	95137	27895.6	0	95137
6	70568	6973.9	0	70568
7	64506	1743.5	0	64506
8	68051	435.9	0	68051
9	60787	109.0	0	59832 955
10	60925	27.2	1	58678 2247
11	59328	6.8	1	57254 2074
12	57860	1.7	1	56224 1636
13	56128	0.4	1	54483 1645
14	53124	0.4	1	51392 1732
15	51684	0.4	1	50104 1580
16	50324	0.4	1	48495 1829
17	49964	0.4	1	47996 1968
18	51754	0.4	1	50306 1448
19	40140	0.4	1	38989 1151
20	45528	0.4	1	44188 1340
21	43177	0.4	1	41916 1261
22	40572	0.4	1	39493 1079
23	40712	0.4	1	39478 1234
24	38594	0.4	1	37147 1447
25	36768	0.4	1	35803 965
26	31499	0.4	1	30655 844
27	34354	0.4	1	33390 964
28	31828	0.4	1	30871 957
29	30973	0.4	1	29984 989
30	31421	0.4	1	30617 804
31	25530	0.4	1	24821 709
32	27878	0.4	1	27146 732
33	25007	0.4	1	24319 688
34	24398	0.4	1	23729 669
35	24606	0.4	1	23769 837
36	22465	0.4	1	21914 551
37	18307	0.4	1	17884 423
38	20415	0.4	1	19874 541
39	17259	0.4	1	16927 332
40	17476	0.4	1	17023 453
41	17144	0.4	1	16539 605
42	15311	0.4	1	14953 358
43	14900	0.4	1	14483 417
44	13645	0.4	1	13278 367
45	13030	0.4	1	12671 359
46	11914	0.4	1	11605 309
47	11739	0.4	1	11391 348
48	10125	0.4	1	9839 286
49	9663	0.4	1	9443 220
50	9177	0.4	1	8920 257
51	9153	0.4	1	8933 220
52	8399	0.4	1	8093 306
53	7345	0.4	1	7132 213
54	11350	0.4	1	11158 192
55	2302	0.4	1	2197 105
56	4941	0.4	1	4733 208
57	8300	0.4	1	8142 158
58	5316	0.4	1	5172 144
59	3004	0.4	1	2926 78
60	4838	0.4	1	4696 142
61	4038	0.4	1	3849 189
62	2899	0.4	1	2816 83
63	3581	0.4	1	3478 103
64	4306	0.4	1	4233 73
65	2238	0.4	1	2157 81
66	2460	0.4	1	2382 78
67	1936	0.4	1	1891 45
68	2112	0.4	1	2059 53
69	1202	0.4	1	1179 23
70	904	0.4	1	866 38
71	2113	0.4	1	1972 141
72	1369	0.4	1	1323 46
73	964	0.4	1	903 61
74	839	0.4	1	812 27
75	2931	0.4	1	2746 185
76	798	0.4	1	769 29
77	1065	0.4	1	1000 65
78	592	0.4	1	572 20
79	416	0.4	1	399 17
80	203	0.4	1	174 29
81	349	0.4	1	329 20
82	492	0.4	1	438 54
83	610	0.4	1	586 24
84	546	0.4	1	502 44
85	663	0.4	1	638 25
86	516	0.4	1	486 30
87	474	0.4	1	359 115
88	316	0.4	1	306 10
89	344	0.4	1	332 12
90	287	0.4	1	273 14
91	336	0.4	1	317 19
92	331	0.4	1	234 97
93	176	0.4	1	136 40
94	160	0.4	1	137 23
95	163	0.4	1	151 12
96	161	0.4	1	143 18
97	131	0.4	1	109 22
98	106	0.4	1	97 9
99	125	0.4	1	108 17
100	110	0.4	1	95 15
101	158	0.4	1	52 106
102	163	0.4	1	45 118
103	124	0.4	1	63 61
104	76	0.4	1	54 22
105	89	0.4	1	73 16
106	299	0.4	1	115 184
107	134	0.4	1	119 15
108	215	0.4	1	106 109
109	209	0.4	1	92 117
110	138	0.4	1	124 14
111	192	0.4	1	165 27
112	278	0.4	1	168 110
113	246	0.4	1	230 16
114	336	0.4	1	290 46
115	419	0.4	1	305 114
116	215	0.4	1	168 47
117	301	0.4	1	191 110
118	298	0.4	1	285 13
119	365	0.4	1	350 15
120	334	0.4	1	257 77
121	336	0.4	1	268 68
122	221	0.4	1	205 16
123	279	0.4	1	230 49
124	321	0.4	1	259 62
125	482	0.4	1	394 88
126	842	0.4	1	748 94
127	398	0.4	1	379 19
128	1165	0.4	1	1037 128
129	1267	0.4	1	1111 156
130	291174	0.4	1	273545 17629
131	7233	0.4	1	6824 409
132	6550	0.4	1	6251 299
133	1325	0.4	1	1255 70
134	3665	0.4	1	3422 243
135	2403	0.4	1	2313 90
136	2447	0.4	1	2309 138
137	2551	0.4	1	2409 142
138	5438	0.4	1	5177 261
139	5146	0.4	1	4969 177
140	4795	0.4	1	4621 174
141	5273	0.4	1	5009 264
142	6140	0.4	1	2792 3348
143	9893	0.4	1	9675 218
144	23520	0.4	1	23390 130
145	39998	0.4	1	39838 160
146	7940	0.4	1	7827 113
147	15325	0.4	1	15199 126
148	9046	0.4	1	9010 36
149	1039	0.4	1	885 154
150	27692	0.4	1	3192 24500

RUN STATISTICS FOR INPUT FILE: /mnt/xomics/remcovc/raw_data_recognition_2020-03/umi_extracted/002_ATTCGAGG-GAGCTTGT_L003_R1.processed.fastq.gz
=============================================
28565050 sequences processed in total

