
SUMMARISING RUN PARAMETERS
==========================
Input filename: /mnt/xomics/remcovc/raw_data_recognition_2020-03/umi_extracted/003_TGAGCTAG-AACCGTTC_L004_R1.processed.fastq.gz
Trimming mode: paired-end
Trim Galore version: 0.6.6
Cutadapt version: 3.4
Number of cores used for trimming: 1
Quality Phred score cutoff: 20
Quality encoding type selected: ASCII+33
Using Illumina adapter for trimming (count: 10422). Second best hit was smallRNA (count: 12)
Adapter sequence: 'AGATCGGAAGAGC' (Illumina TruSeq, Sanger iPCR; auto-detected)
Maximum trimming error rate: 0.1 (default)
Minimum required adapter overlap (stringency): 1 bp
Minimum required sequence length for both reads before a sequence pair gets removed: 20 bp
Running FastQC on the data once trimming has completed
Output file will be GZIP compressed


This is cutadapt 3.4 with Python 3.8.5
Command line parameters: -j 1 -e 0.1 -q 20 -O 1 -a AGATCGGAAGAGC /mnt/xomics/remcovc/raw_data_recognition_2020-03/umi_extracted/003_TGAGCTAG-AACCGTTC_L004_R1.processed.fastq.gz
Processing reads on 1 core in single-end mode ...
Finished in 2229.81 s (31 µs/read; 1.95 M reads/minute).

=== Summary ===

Total reads processed:              72,530,447
Reads with adapters:                25,727,556 (35.5%)
Reads written (passing filters):    72,530,447 (100.0%)

Total basepairs processed: 10,879,567,050 bp
Quality-trimmed:              15,545,022 bp (0.1%)
Total written (filtered):  10,796,881,219 bp (99.2%)

=== Adapter 1 ===

Sequence: AGATCGGAAGAGC; Type: regular 3'; Length: 13; Trimmed: 25727556 times

No. of allowed errors:
1-9 bp: 0; 10-13 bp: 1

Bases preceding removed adapters:
  A: 30.9%
  C: 31.9%
  G: 24.3%
  T: 12.8%
  none/other: 0.0%

Overview of removed sequences
length	count	expect	max.err	error counts
1	16832554	18132611.8	0	16832554
2	5442018	4533152.9	0	5442018
3	1710193	1133288.2	0	1710193
4	398479	283322.1	0	398479
5	141829	70830.5	0	141829
6	69266	17707.6	0	69266
7	61701	4426.9	0	61701
8	56233	1106.7	0	56233
9	53479	276.7	0	51128 2351
10	52291	69.2	1	48115 4176
11	49729	17.3	1	46666 3063
12	47482	4.3	1	45748 1734
13	42980	1.1	1	41715 1265
14	42192	1.1	1	40712 1480
15	39642	1.1	1	38532 1110
16	38090	1.1	1	36770 1320
17	37986	1.1	1	36501 1485
18	36757	1.1	1	35772 985
19	28667	1.1	1	27879 788
20	30589	1.1	1	29801 788
21	29318	1.1	1	28377 941
22	27035	1.1	1	26383 652
23	26846	1.1	1	25980 866
24	25907	1.1	1	24831 1076
25	24320	1.1	1	23606 714
26	20004	1.1	1	19430 574
27	21436	1.1	1	20792 644
28	19309	1.1	1	18629 680
29	18589	1.1	1	17884 705
30	18694	1.1	1	18205 489
31	14395	1.1	1	14026 369
32	15701	1.1	1	15235 466
33	14281	1.1	1	13724 557
34	14841	1.1	1	14328 513
35	11804	1.1	1	11415 389
36	11275	1.1	1	10979 296
37	10785	1.1	1	10452 333
38	10435	1.1	1	10141 294
39	9288	1.1	1	8951 337
40	8975	1.1	1	8763 212
41	8152	1.1	1	7852 300
42	7470	1.1	1	7307 163
43	7063	1.1	1	6797 266
44	6676	1.1	1	6415 261
45	6105	1.1	1	5859 246
46	5592	1.1	1	5340 252
47	5131	1.1	1	4950 181
48	4689	1.1	1	4533 156
49	4498	1.1	1	4305 193
50	4084	1.1	1	3844 240
51	3765	1.1	1	3574 191
52	3819	1.1	1	3620 199
53	3019	1.1	1	2832 187
54	4769	1.1	1	4629 140
55	861	1.1	1	750 111
56	2034	1.1	1	1943 91
57	3901	1.1	1	3746 155
58	2225	1.1	1	2122 103
59	1244	1.1	1	1130 114
60	1996	1.1	1	1912 84
61	1415	1.1	1	1299 116
62	1060	1.1	1	954 106
63	1372	1.1	1	1313 59
64	1632	1.1	1	1531 101
65	823	1.1	1	702 121
66	884	1.1	1	758 126
67	687	1.1	1	588 99
68	831	1.1	1	717 114
69	480	1.1	1	376 104
70	284	1.1	1	239 45
71	776	1.1	1	681 95
72	527	1.1	1	421 106
73	285	1.1	1	233 52
74	338	1.1	1	249 89
75	630	1.1	1	535 95
76	305	1.1	1	236 69
77	428	1.1	1	373 55
78	308	1.1	1	211 97
79	268	1.1	1	183 85
80	126	1.1	1	48 78
81	172	1.1	1	94 78
82	208	1.1	1	137 71
83	241	1.1	1	162 79
84	224	1.1	1	157 67
85	260	1.1	1	211 49
86	236	1.1	1	153 83
87	231	1.1	1	150 81
88	212	1.1	1	133 79
89	180	1.1	1	141 39
90	227	1.1	1	119 108
91	206	1.1	1	94 112
92	146	1.1	1	85 61
93	145	1.1	1	104 41
94	216	1.1	1	104 112
95	133	1.1	1	96 37
96	178	1.1	1	76 102
97	120	1.1	1	74 46
98	97	1.1	1	61 36
99	93	1.1	1	69 24
100	114	1.1	1	72 42
101	191	1.1	1	67 124
102	84	1.1	1	53 31
103	285	1.1	1	60 225
104	122	1.1	1	62 60
105	96	1.1	1	49 47
106	73	1.1	1	48 25
107	88	1.1	1	46 42
108	116	1.1	1	49 67
109	86	1.1	1	58 28
110	147	1.1	1	48 99
111	106	1.1	1	57 49
112	180	1.1	1	58 122
113	123	1.1	1	38 85
114	135	1.1	1	86 49
115	124	1.1	1	53 71
116	88	1.1	1	51 37
117	78	1.1	1	38 40
118	181	1.1	1	75 106
119	147	1.1	1	51 96
120	73	1.1	1	51 22
121	95	1.1	1	57 38
122	64	1.1	1	43 21
123	118	1.1	1	61 57
124	100	1.1	1	45 55
125	122	1.1	1	83 39
126	197	1.1	1	85 112
127	120	1.1	1	55 65
128	146	1.1	1	68 78
129	116	1.1	1	64 52
130	10658	1.1	1	9929 729
131	258	1.1	1	177 81
132	207	1.1	1	150 57
133	142	1.1	1	61 81
134	85	1.1	1	73 12
135	148	1.1	1	83 65
136	160	1.1	1	103 57
137	203	1.1	1	107 96
138	212	1.1	1	163 49
139	301	1.1	1	273 28
140	328	1.1	1	294 34
141	424	1.1	1	281 143
142	429	1.1	1	155 274
143	752	1.1	1	704 48
144	2156	1.1	1	2149 7
145	2651	1.1	1	2547 104
146	432	1.1	1	385 47
147	639	1.1	1	508 131
148	629	1.1	1	577 52
149	236	1.1	1	95 141
150	33319	1.1	1	468 32851

RUN STATISTICS FOR INPUT FILE: /mnt/xomics/remcovc/raw_data_recognition_2020-03/umi_extracted/003_TGAGCTAG-AACCGTTC_L004_R1.processed.fastq.gz
=============================================
72530447 sequences processed in total

