
SUMMARISING RUN PARAMETERS
==========================
Input filename: /mnt/xomics/remcovc/raw_data_recognition_2020-03/umi_extracted/004_GAGACGAT-TAACCGGT_L003_R1.processed.fastq.gz
Trimming mode: paired-end
Trim Galore version: 0.6.6
Cutadapt version: 3.4
Number of cores used for trimming: 1
Quality Phred score cutoff: 20
Quality encoding type selected: ASCII+33
Using Illumina adapter for trimming (count: 8218). Second best hit was smallRNA (count: 6)
Adapter sequence: 'AGATCGGAAGAGC' (Illumina TruSeq, Sanger iPCR; auto-detected)
Maximum trimming error rate: 0.1 (default)
Minimum required adapter overlap (stringency): 1 bp
Minimum required sequence length for both reads before a sequence pair gets removed: 20 bp
Running FastQC on the data once trimming has completed
Output file will be GZIP compressed


This is cutadapt 3.4 with Python 3.8.5
Command line parameters: -j 1 -e 0.1 -q 20 -O 1 -a AGATCGGAAGAGC /mnt/xomics/remcovc/raw_data_recognition_2020-03/umi_extracted/004_GAGACGAT-TAACCGGT_L003_R1.processed.fastq.gz
Processing reads on 1 core in single-end mode ...
Finished in 1035.33 s (30 µs/read; 1.97 M reads/minute).

=== Summary ===

Total reads processed:              33,951,660
Reads with adapters:                11,653,412 (34.3%)
Reads written (passing filters):    33,951,660 (100.0%)

Total basepairs processed: 5,092,749,000 bp
Quality-trimmed:               8,087,256 bp (0.2%)
Total written (filtered):  5,049,103,761 bp (99.1%)

=== Adapter 1 ===

Sequence: AGATCGGAAGAGC; Type: regular 3'; Length: 13; Trimmed: 11653412 times

No. of allowed errors:
1-9 bp: 0; 10-13 bp: 1

Bases preceding removed adapters:
  A: 30.0%
  C: 32.2%
  G: 24.6%
  T: 13.2%
  none/other: 0.0%

Overview of removed sequences
length	count	expect	max.err	error counts
1	7733908	8487915.0	0	7733908
2	2522304	2121978.8	0	2522304
3	767215	530494.7	0	767215
4	171260	132623.7	0	171260
5	54662	33155.9	0	54662
6	21011	8289.0	0	21011
7	17799	2072.2	0	17799
8	15668	518.1	0	15668
9	15195	129.5	0	14199 996
10	14612	32.4	1	13007 1605
11	13297	8.1	1	12320 977
12	12779	2.0	1	12219 560
13	11788	0.5	1	11392 396
14	11084	0.5	1	10698 386
15	10889	0.5	1	10550 339
16	10050	0.5	1	9655 395
17	10082	0.5	1	9595 487
18	10284	0.5	1	9939 345
19	7355	0.5	1	7134 221
20	8255	0.5	1	7983 272
21	7803	0.5	1	7555 248
22	7164	0.5	1	6896 268
23	7130	0.5	1	6883 247
24	6848	0.5	1	6538 310
25	6327	0.5	1	6079 248
26	5114	0.5	1	4960 154
27	5378	0.5	1	5186 192
28	4886	0.5	1	4701 185
29	5011	0.5	1	4770 241
30	4973	0.5	1	4810 163
31	3545	0.5	1	3397 148
32	3935	0.5	1	3758 177
33	3678	0.5	1	3518 160
34	3708	0.5	1	3538 170
35	2994	0.5	1	2861 133
36	3049	0.5	1	2901 148
37	2739	0.5	1	2659 80
38	2521	0.5	1	2404 117
39	2525	0.5	1	2379 146
40	2176	0.5	1	2087 89
41	2214	0.5	1	2061 153
42	1903	0.5	1	1821 82
43	1834	0.5	1	1744 90
44	1700	0.5	1	1614 86
45	1608	0.5	1	1479 129
46	1518	0.5	1	1410 108
47	1314	0.5	1	1227 87
48	1283	0.5	1	1203 80
49	1135	0.5	1	1034 101
50	1098	0.5	1	1007 91
51	1107	0.5	1	1015 92
52	1090	0.5	1	987 103
53	857	0.5	1	781 76
54	1270	0.5	1	1209 61
55	276	0.5	1	230 46
56	585	0.5	1	521 64
57	1227	0.5	1	1144 83
58	670	0.5	1	614 56
59	295	0.5	1	245 50
60	611	0.5	1	552 59
61	454	0.5	1	386 68
62	312	0.5	1	263 49
63	402	0.5	1	362 40
64	514	0.5	1	460 54
65	267	0.5	1	237 30
66	281	0.5	1	257 24
67	210	0.5	1	178 32
68	262	0.5	1	222 40
69	137	0.5	1	113 24
70	125	0.5	1	74 51
71	291	0.5	1	244 47
72	187	0.5	1	143 44
73	133	0.5	1	92 41
74	145	0.5	1	111 34
75	366	0.5	1	321 45
76	145	0.5	1	99 46
77	160	0.5	1	117 43
78	100	0.5	1	61 39
79	75	0.5	1	41 34
80	52	0.5	1	27 25
81	114	0.5	1	74 40
82	119	0.5	1	77 42
83	141	0.5	1	119 22
84	163	0.5	1	129 34
85	185	0.5	1	152 33
86	185	0.5	1	143 42
87	142	0.5	1	108 34
88	156	0.5	1	100 56
89	120	0.5	1	88 32
90	104	0.5	1	73 31
91	141	0.5	1	98 43
92	146	0.5	1	99 47
93	110	0.5	1	64 46
94	142	0.5	1	69 73
95	120	0.5	1	100 20
96	97	0.5	1	73 24
97	97	0.5	1	59 38
98	100	0.5	1	49 51
99	110	0.5	1	55 55
100	84	0.5	1	47 37
101	91	0.5	1	39 52
102	86	0.5	1	44 42
103	81	0.5	1	41 40
104	99	0.5	1	72 27
105	70	0.5	1	47 23
106	70	0.5	1	48 22
107	89	0.5	1	58 31
108	66	0.5	1	40 26
109	75	0.5	1	55 20
110	74	0.5	1	53 21
111	100	0.5	1	69 31
112	99	0.5	1	67 32
113	107	0.5	1	73 34
114	106	0.5	1	79 27
115	93	0.5	1	61 32
116	114	0.5	1	69 45
117	67	0.5	1	50 17
118	102	0.5	1	66 36
119	135	0.5	1	103 32
120	75	0.5	1	50 25
121	91	0.5	1	61 30
122	83	0.5	1	44 39
123	67	0.5	1	53 14
124	72	0.5	1	53 19
125	75	0.5	1	56 19
126	110	0.5	1	69 41
127	89	0.5	1	65 24
128	135	0.5	1	90 45
129	128	0.5	1	101 27
130	23079	0.5	1	21932 1147
131	535	0.5	1	485 50
132	541	0.5	1	492 49
133	159	0.5	1	123 36
134	488	0.5	1	435 53
135	328	0.5	1	281 47
136	561	0.5	1	520 41
137	585	0.5	1	552 33
138	1102	0.5	1	1046 56
139	926	0.5	1	885 41
140	1030	0.5	1	960 70
141	1185	0.5	1	1102 83
142	526	0.5	1	333 193
143	1910	0.5	1	1850 60
144	5373	0.5	1	5353 20
145	8155	0.5	1	8125 30
146	1722	0.5	1	1699 23
147	2037	0.5	1	1959 78
148	3075	0.5	1	3054 21
149	565	0.5	1	490 75
150	35091	0.5	1	1731 33360

RUN STATISTICS FOR INPUT FILE: /mnt/xomics/remcovc/raw_data_recognition_2020-03/umi_extracted/004_GAGACGAT-TAACCGGT_L003_R1.processed.fastq.gz
=============================================
33951660 sequences processed in total

