
SUMMARISING RUN PARAMETERS
==========================
Input filename: /mnt/xomics/remcovc/raw_data_recognition_2020-03/umi_extracted/006_TTCCAAGG-CCTTGTAG_L004_R1.processed.fastq.gz
Trimming mode: paired-end
Trim Galore version: 0.6.6
Cutadapt version: 3.4
Number of cores used for trimming: 1
Quality Phred score cutoff: 20
Quality encoding type selected: ASCII+33
Using Illumina adapter for trimming (count: 7994). Second best hit was smallRNA (count: 7)
Adapter sequence: 'AGATCGGAAGAGC' (Illumina TruSeq, Sanger iPCR; auto-detected)
Maximum trimming error rate: 0.1 (default)
Minimum required adapter overlap (stringency): 1 bp
Minimum required sequence length for both reads before a sequence pair gets removed: 20 bp
Running FastQC on the data once trimming has completed
Output file will be GZIP compressed


This is cutadapt 3.4 with Python 3.8.5
Command line parameters: -j 1 -e 0.1 -q 20 -O 1 -a AGATCGGAAGAGC /mnt/xomics/remcovc/raw_data_recognition_2020-03/umi_extracted/006_TTCCAAGG-CCTTGTAG_L004_R1.processed.fastq.gz
Processing reads on 1 core in single-end mode ...
Finished in 1137.76 s (31 µs/read; 1.92 M reads/minute).

=== Summary ===

Total reads processed:              36,482,842
Reads with adapters:                12,644,990 (34.7%)
Reads written (passing filters):    36,482,842 (100.0%)

Total basepairs processed: 5,472,426,300 bp
Quality-trimmed:               8,075,110 bp (0.1%)
Total written (filtered):  5,412,654,979 bp (98.9%)

=== Adapter 1 ===

Sequence: AGATCGGAAGAGC; Type: regular 3'; Length: 13; Trimmed: 12644990 times

No. of allowed errors:
1-9 bp: 0; 10-13 bp: 1

Bases preceding removed adapters:
  A: 30.4%
  C: 31.7%
  G: 24.4%
  T: 12.9%
  none/other: 0.7%

Overview of removed sequences
length	count	expect	max.err	error counts
1	8408819	9120710.5	0	8408819
2	2723804	2280177.6	0	2723804
3	830539	570044.4	0	830539
4	180834	142511.1	0	180834
5	53254	35627.8	0	53254
6	17646	8906.9	0	17646
7	15048	2226.7	0	15048
8	11799	556.7	0	11799
9	11784	139.2	0	10779 1005
10	11338	34.8	1	9687 1651
11	10474	8.7	1	9412 1062
12	9699	2.2	1	9241 458
13	8745	0.5	1	8418 327
14	8524	0.5	1	8187 337
15	7906	0.5	1	7673 233
16	7527	0.5	1	7237 290
17	7704	0.5	1	7346 358
18	7514	0.5	1	7265 249
19	5515	0.5	1	5306 209
20	6170	0.5	1	5954 216
21	5674	0.5	1	5446 228
22	5427	0.5	1	5240 187
23	5436	0.5	1	5214 222
24	5111	0.5	1	4858 253
25	4768	0.5	1	4572 196
26	3687	0.5	1	3566 121
27	4024	0.5	1	3868 156
28	3970	0.5	1	3805 165
29	3541	0.5	1	3390 151
30	3625	0.5	1	3493 132
31	2811	0.5	1	2675 136
32	3044	0.5	1	2889 155
33	2970	0.5	1	2813 157
34	2764	0.5	1	2639 125
35	2688	0.5	1	2595 93
36	1930	0.5	1	1855 75
37	2188	0.5	1	2075 113
38	2044	0.5	1	1961 83
39	1907	0.5	1	1806 101
40	1833	0.5	1	1722 111
41	1626	0.5	1	1549 77
42	1457	0.5	1	1412 45
43	1477	0.5	1	1405 72
44	1384	0.5	1	1318 66
45	1301	0.5	1	1203 98
46	1163	0.5	1	1069 94
47	1070	0.5	1	990 80
48	1029	0.5	1	970 59
49	913	0.5	1	837 76
50	887	0.5	1	801 86
51	873	0.5	1	789 84
52	918	0.5	1	841 77
53	644	0.5	1	591 53
54	1133	0.5	1	1064 69
55	251	0.5	1	199 52
56	514	0.5	1	476 38
57	1184	0.5	1	1111 73
58	592	0.5	1	519 73
59	282	0.5	1	240 42
60	523	0.5	1	467 56
61	387	0.5	1	321 66
62	282	0.5	1	240 42
63	361	0.5	1	320 41
64	494	0.5	1	464 30
65	211	0.5	1	180 31
66	229	0.5	1	193 36
67	207	0.5	1	157 50
68	230	0.5	1	196 34
69	120	0.5	1	88 32
70	108	0.5	1	61 47
71	285	0.5	1	231 54
72	172	0.5	1	121 51
73	138	0.5	1	99 39
74	134	0.5	1	100 34
75	979	0.5	1	858 121
76	213	0.5	1	165 48
77	166	0.5	1	125 41
78	112	0.5	1	59 53
79	98	0.5	1	62 36
80	118	0.5	1	80 38
81	147	0.5	1	111 36
82	132	0.5	1	98 34
83	214	0.5	1	186 28
84	221	0.5	1	183 38
85	283	0.5	1	244 39
86	239	0.5	1	204 35
87	213	0.5	1	164 49
88	138	0.5	1	104 34
89	144	0.5	1	117 27
90	135	0.5	1	107 28
91	174	0.5	1	129 45
92	152	0.5	1	103 49
93	137	0.5	1	75 62
94	129	0.5	1	72 57
95	166	0.5	1	136 30
96	108	0.5	1	82 26
97	97	0.5	1	73 24
98	104	0.5	1	64 40
99	82	0.5	1	60 22
100	79	0.5	1	50 29
101	110	0.5	1	70 40
102	98	0.5	1	52 46
103	72	0.5	1	36 36
104	76	0.5	1	43 33
105	95	0.5	1	54 41
106	88	0.5	1	48 40
107	90	0.5	1	52 38
108	95	0.5	1	57 38
109	91	0.5	1	58 33
110	89	0.5	1	62 27
111	111	0.5	1	78 33
112	123	0.5	1	103 20
113	152	0.5	1	115 37
114	158	0.5	1	130 28
115	186	0.5	1	133 53
116	136	0.5	1	104 32
117	167	0.5	1	140 27
118	240	0.5	1	209 31
119	242	0.5	1	214 28
120	182	0.5	1	139 43
121	166	0.5	1	135 31
122	153	0.5	1	108 45
123	124	0.5	1	93 31
124	103	0.5	1	74 29
125	171	0.5	1	127 44
126	225	0.5	1	179 46
127	128	0.5	1	103 25
128	194	0.5	1	151 43
129	206	0.5	1	168 38
130	42906	0.5	1	40744 2162
131	801	0.5	1	732 69
132	909	0.5	1	860 49
133	283	0.5	1	223 60
134	993	0.5	1	948 45
135	552	0.5	1	494 58
136	978	0.5	1	930 48
137	1032	0.5	1	949 83
138	1836	0.5	1	1735 101
139	1472	0.5	1	1413 59
140	1357	0.5	1	1291 66
141	2131	0.5	1	1994 137
142	1594	0.5	1	729 865
143	5075	0.5	1	4972 103
144	14378	0.5	1	14299 79
145	21864	0.5	1	21762 102
146	3845	0.5	1	3788 57
147	5462	0.5	1	5348 114
148	3583	0.5	1	3530 53
149	1007	0.5	1	795 212
150	87417	0.5	1	4522 82895

RUN STATISTICS FOR INPUT FILE: /mnt/xomics/remcovc/raw_data_recognition_2020-03/umi_extracted/006_TTCCAAGG-CCTTGTAG_L004_R1.processed.fastq.gz
=============================================
36482842 sequences processed in total

