
SUMMARISING RUN PARAMETERS
==========================
Input filename: /mnt/xomics/remcovc/raw_data_recognition_2020-03/umi_extracted/007_CGCATGAT-TCAGGCTT_L004_R1.processed.fastq.gz
Trimming mode: paired-end
Trim Galore version: 0.6.6
Cutadapt version: 3.4
Number of cores used for trimming: 1
Quality Phred score cutoff: 20
Quality encoding type selected: ASCII+33
Using Illumina adapter for trimming (count: 8053). Second best hit was smallRNA (count: 6)
Adapter sequence: 'AGATCGGAAGAGC' (Illumina TruSeq, Sanger iPCR; auto-detected)
Maximum trimming error rate: 0.1 (default)
Minimum required adapter overlap (stringency): 1 bp
Minimum required sequence length for both reads before a sequence pair gets removed: 20 bp
Running FastQC on the data once trimming has completed
Output file will be GZIP compressed


This is cutadapt 3.4 with Python 3.8.5
Command line parameters: -j 1 -e 0.1 -q 20 -O 1 -a AGATCGGAAGAGC /mnt/xomics/remcovc/raw_data_recognition_2020-03/umi_extracted/007_CGCATGAT-TCAGGCTT_L004_R1.processed.fastq.gz
Processing reads on 1 core in single-end mode ...
Finished in 3126.91 s (33 µs/read; 1.84 M reads/minute).

=== Summary ===

Total reads processed:              95,784,458
Reads with adapters:                33,003,031 (34.5%)
Reads written (passing filters):    95,784,458 (100.0%)

Total basepairs processed: 14,367,668,700 bp
Quality-trimmed:              20,343,893 bp (0.1%)
Total written (filtered):  14,240,554,009 bp (99.1%)

=== Adapter 1 ===

Sequence: AGATCGGAAGAGC; Type: regular 3'; Length: 13; Trimmed: 33003031 times

No. of allowed errors:
1-9 bp: 0; 10-13 bp: 1

Bases preceding removed adapters:
  A: 30.0%
  C: 32.4%
  G: 24.7%
  T: 12.9%
  none/other: 0.0%

Overview of removed sequences
length	count	expect	max.err	error counts
1	21934505	23946114.5	0	21934505
2	7186096	5986528.6	0	7186096
3	2173216	1496632.2	0	2173216
4	481556	374158.0	0	481556
5	141095	93539.5	0	141095
6	47603	23384.9	0	47603
7	39433	5846.2	0	39433
8	32778	1461.6	0	32778
9	34360	365.4	0	30930 3430
10	32783	91.3	1	28273 4510
11	29122	22.8	1	26901 2221
12	28407	5.7	1	26993 1414
13	25304	1.4	1	24477 827
14	25077	1.4	1	24171 906
15	24079	1.4	1	23389 690
16	23085	1.4	1	22259 826
17	23618	1.4	1	22688 930
18	23182	1.4	1	22408 774
19	17694	1.4	1	17084 610
20	19546	1.4	1	18989 557
21	18270	1.4	1	17697 573
22	17447	1.4	1	16950 497
23	17063	1.4	1	16553 510
24	16785	1.4	1	16103 682
25	15267	1.4	1	14728 539
26	13383	1.4	1	12976 407
27	14071	1.4	1	13645 426
28	12955	1.4	1	12503 452
29	13018	1.4	1	12496 522
30	13097	1.4	1	12736 361
31	9769	1.4	1	9352 417
32	10708	1.4	1	10355 353
33	9834	1.4	1	9452 382
34	9826	1.4	1	9308 518
35	9238	1.4	1	8760 478
36	8070	1.4	1	7865 205
37	8276	1.4	1	7910 366
38	7865	1.4	1	7504 361
39	6547	1.4	1	6037 510
40	6415	1.4	1	6099 316
41	6267	1.4	1	5984 283
42	5615	1.4	1	5268 347
43	5252	1.4	1	5001 251
44	4999	1.4	1	4753 246
45	4538	1.4	1	4275 263
46	4497	1.4	1	4091 406
47	3952	1.4	1	3730 222
48	3689	1.4	1	3507 182
49	3510	1.4	1	3198 312
50	3307	1.4	1	3012 295
51	3204	1.4	1	2891 313
52	3189	1.4	1	2879 310
53	2652	1.4	1	2440 212
54	3800	1.4	1	3613 187
55	846	1.4	1	700 146
56	1877	1.4	1	1721 156
57	3284	1.4	1	2993 291
58	1737	1.4	1	1615 122
59	1196	1.4	1	1085 111
60	1792	1.4	1	1585 207
61	1289	1.4	1	1188 101
62	1056	1.4	1	840 216
63	1373	1.4	1	1189 184
64	1509	1.4	1	1368 141
65	863	1.4	1	793 70
66	896	1.4	1	706 190
67	956	1.4	1	688 268
68	843	1.4	1	716 127
69	503	1.4	1	421 82
70	566	1.4	1	308 258
71	847	1.4	1	667 180
72	710	1.4	1	463 247
73	509	1.4	1	332 177
74	556	1.4	1	329 227
75	940	1.4	1	810 130
76	417	1.4	1	356 61
77	529	1.4	1	417 112
78	304	1.4	1	255 49
79	317	1.4	1	227 90
80	234	1.4	1	97 137
81	317	1.4	1	146 171
82	380	1.4	1	234 146
83	419	1.4	1	350 69
84	533	1.4	1	323 210
85	625	1.4	1	417 208
86	528	1.4	1	329 199
87	356	1.4	1	233 123
88	406	1.4	1	211 195
89	340	1.4	1	260 80
90	337	1.4	1	213 124
91	296	1.4	1	200 96
92	268	1.4	1	139 129
93	284	1.4	1	208 76
94	258	1.4	1	171 87
95	270	1.4	1	151 119
96	255	1.4	1	182 73
97	308	1.4	1	167 141
98	402	1.4	1	176 226
99	272	1.4	1	180 92
100	196	1.4	1	151 45
101	234	1.4	1	161 73
102	299	1.4	1	159 140
103	191	1.4	1	118 73
104	282	1.4	1	142 140
105	298	1.4	1	145 153
106	236	1.4	1	105 131
107	216	1.4	1	142 74
108	376	1.4	1	160 216
109	333	1.4	1	153 180
110	173	1.4	1	102 71
111	205	1.4	1	146 59
112	243	1.4	1	129 114
113	255	1.4	1	178 77
114	232	1.4	1	151 81
115	285	1.4	1	204 81
116	189	1.4	1	153 36
117	293	1.4	1	198 95
118	371	1.4	1	295 76
119	456	1.4	1	259 197
120	308	1.4	1	184 124
121	278	1.4	1	187 91
122	242	1.4	1	171 71
123	415	1.4	1	169 246
124	624	1.4	1	468 156
125	1314	1.4	1	1034 280
126	2006	1.4	1	1755 251
127	294	1.4	1	253 41
128	1587	1.4	1	1480 107
129	760	1.4	1	572 188
130	214845	1.4	1	205050 9795
131	3130	1.4	1	2958 172
132	2604	1.4	1	2429 175
133	578	1.4	1	427 151
134	969	1.4	1	854 115
135	717	1.4	1	636 81
136	977	1.4	1	874 103
137	1653	1.4	1	1473 180
138	2538	1.4	1	2322 216
139	1917	1.4	1	1810 107
140	2790	1.4	1	2615 175
141	1754	1.4	1	1558 196
142	2060	1.4	1	726 1334
143	4350	1.4	1	4255 95
144	19774	1.4	1	19733 41
145	23845	1.4	1	23736 109
146	3901	1.4	1	3865 36
147	5207	1.4	1	4994 213
148	2176	1.4	1	2143 33
149	423	1.4	1	199 224
150	21915	1.4	1	1537 20378

RUN STATISTICS FOR INPUT FILE: /mnt/xomics/remcovc/raw_data_recognition_2020-03/umi_extracted/007_CGCATGAT-TCAGGCTT_L004_R1.processed.fastq.gz
=============================================
95784458 sequences processed in total

