
SUMMARISING RUN PARAMETERS
==========================
Input filename: /mnt/xomics/remcovc/raw_data_recognition_2020-03/umi_extracted/008_ACGGAACA-GTTCTCGT_L004_R1.processed.fastq.gz
Trimming mode: paired-end
Trim Galore version: 0.6.6
Cutadapt version: 3.4
Number of cores used for trimming: 1
Quality Phred score cutoff: 20
Quality encoding type selected: ASCII+33
Using Illumina adapter for trimming (count: 12598). Second best hit was smallRNA (count: 10)
Adapter sequence: 'AGATCGGAAGAGC' (Illumina TruSeq, Sanger iPCR; auto-detected)
Maximum trimming error rate: 0.1 (default)
Minimum required adapter overlap (stringency): 1 bp
Minimum required sequence length for both reads before a sequence pair gets removed: 20 bp
Running FastQC on the data once trimming has completed
Output file will be GZIP compressed


This is cutadapt 3.4 with Python 3.8.5
Command line parameters: -j 1 -e 0.1 -q 20 -O 1 -a AGATCGGAAGAGC /mnt/xomics/remcovc/raw_data_recognition_2020-03/umi_extracted/008_ACGGAACA-GTTCTCGT_L004_R1.processed.fastq.gz
Processing reads on 1 core in single-end mode ...
Finished in 1948.66 s (31 µs/read; 1.92 M reads/minute).

=== Summary ===

Total reads processed:              62,303,843
Reads with adapters:                22,005,363 (35.3%)
Reads written (passing filters):    62,303,843 (100.0%)

Total basepairs processed: 9,345,576,450 bp
Quality-trimmed:              14,155,032 bp (0.2%)
Total written (filtered):  9,220,952,968 bp (98.7%)

=== Adapter 1 ===

Sequence: AGATCGGAAGAGC; Type: regular 3'; Length: 13; Trimmed: 22005363 times

No. of allowed errors:
1-9 bp: 0; 10-13 bp: 1

Bases preceding removed adapters:
  A: 30.3%
  C: 31.5%
  G: 24.9%
  T: 13.1%
  none/other: 0.2%

Overview of removed sequences
length	count	expect	max.err	error counts
1	14408346	15575960.8	0	14408346
2	4648574	3893990.2	0	4648574
3	1445752	973497.5	0	1445752
4	327431	243374.4	0	327431
5	100354	60843.6	0	100354
6	39591	15210.9	0	39591
7	34231	3802.7	0	34231
8	28932	950.7	0	28932
9	28240	237.7	0	26376 1864
10	27630	59.4	1	24552 3078
11	25767	14.9	1	23558 2209
12	24162	3.7	1	23126 1036
13	21747	0.9	1	21075 672
14	21134	0.9	1	20373 761
15	20324	0.9	1	19695 629
16	18574	0.9	1	17847 727
17	19158	0.9	1	18316 842
18	18592	0.9	1	17961 631
19	13544	0.9	1	13076 468
20	15398	0.9	1	14959 439
21	14687	0.9	1	14156 531
22	13403	0.9	1	12997 406
23	13262	0.9	1	12788 474
24	12841	0.9	1	12207 634
25	12222	0.9	1	11798 424
26	9582	0.9	1	9284 298
27	10402	0.9	1	10051 351
28	9545	0.9	1	9214 331
29	9393	0.9	1	8994 399
30	9193	0.9	1	8899 294
31	7038	0.9	1	6803 235
32	7675	0.9	1	7368 307
33	7213	0.9	1	6836 377
34	6589	0.9	1	6367 222
35	5873	0.9	1	5659 214
36	5966	0.9	1	5720 246
37	5466	0.9	1	5252 214
38	4919	0.9	1	4743 176
39	5648	0.9	1	5455 193
40	3571	0.9	1	3349 222
41	4032	0.9	1	3786 246
42	3965	0.9	1	3780 185
43	3631	0.9	1	3435 196
44	3329	0.9	1	3188 141
45	3151	0.9	1	2982 169
46	2856	0.9	1	2689 167
47	2606	0.9	1	2453 153
48	2423	0.9	1	2283 140
49	2318	0.9	1	2190 128
50	2220	0.9	1	2090 130
51	2011	0.9	1	1858 153
52	2109	0.9	1	1920 189
53	1580	0.9	1	1448 132
54	2502	0.9	1	2368 134
55	542	0.9	1	450 92
56	1172	0.9	1	1087 85
57	2321	0.9	1	2189 132
58	1250	0.9	1	1166 84
59	723	0.9	1	621 102
60	1148	0.9	1	1039 109
61	898	0.9	1	790 108
62	625	0.9	1	563 62
63	858	0.9	1	791 67
64	1058	0.9	1	969 89
65	527	0.9	1	462 65
66	520	0.9	1	459 61
67	465	0.9	1	356 109
68	516	0.9	1	442 74
69	254	0.9	1	204 50
70	248	0.9	1	156 92
71	535	0.9	1	466 69
72	394	0.9	1	265 129
73	265	0.9	1	164 101
74	270	0.9	1	220 50
75	1403	0.9	1	1297 106
76	416	0.9	1	338 78
77	378	0.9	1	298 80
78	238	0.9	1	144 94
79	198	0.9	1	94 104
80	182	0.9	1	112 70
81	394	0.9	1	292 102
82	352	0.9	1	299 53
83	479	0.9	1	407 72
84	415	0.9	1	333 82
85	583	0.9	1	478 105
86	394	0.9	1	343 51
87	316	0.9	1	229 87
88	307	0.9	1	190 117
89	252	0.9	1	201 51
90	252	0.9	1	179 73
91	308	0.9	1	215 93
92	272	0.9	1	171 101
93	200	0.9	1	129 71
94	267	0.9	1	134 133
95	298	0.9	1	239 59
96	202	0.9	1	148 54
97	161	0.9	1	116 45
98	161	0.9	1	84 77
99	159	0.9	1	95 64
100	129	0.9	1	98 31
101	237	0.9	1	133 104
102	299	0.9	1	198 101
103	182	0.9	1	94 88
104	144	0.9	1	80 64
105	142	0.9	1	89 53
106	178	0.9	1	88 90
107	162	0.9	1	99 63
108	211	0.9	1	108 103
109	190	0.9	1	120 70
110	187	0.9	1	129 58
111	226	0.9	1	174 52
112	341	0.9	1	249 92
113	410	0.9	1	301 109
114	411	0.9	1	333 78
115	417	0.9	1	331 86
116	308	0.9	1	254 54
117	329	0.9	1	271 58
118	610	0.9	1	515 95
119	708	0.9	1	635 73
120	449	0.9	1	402 47
121	437	0.9	1	341 96
122	427	0.9	1	347 80
123	335	0.9	1	278 57
124	349	0.9	1	309 40
125	590	0.9	1	472 118
126	943	0.9	1	824 119
127	491	0.9	1	424 67
128	947	0.9	1	852 95
129	635	0.9	1	537 98
130	123214	0.9	1	118072 5142
131	2368	0.9	1	2188 180
132	2964	0.9	1	2802 162
133	878	0.9	1	722 156
134	3600	0.9	1	3390 210
135	2250	0.9	1	2118 132
136	4305	0.9	1	4144 161
137	4846	0.9	1	4551 295
138	7591	0.9	1	7234 357
139	8872	0.9	1	8599 273
140	7778	0.9	1	7475 303
141	7349	0.9	1	7020 329
142	3626	0.9	1	2574 1052
143	20460	0.9	1	20195 265
144	40512	0.9	1	40382 130
145	44079	0.9	1	43930 149
146	9065	0.9	1	8962 103
147	12834	0.9	1	12613 221
148	11983	0.9	1	11875 108
149	2168	0.9	1	1874 294
150	149319	0.9	1	11639 137680

RUN STATISTICS FOR INPUT FILE: /mnt/xomics/remcovc/raw_data_recognition_2020-03/umi_extracted/008_ACGGAACA-GTTCTCGT_L004_R1.processed.fastq.gz
=============================================
62303843 sequences processed in total

