
SUMMARISING RUN PARAMETERS
==========================
Input filename: /mnt/xomics/remcovc/raw_data_recognition_2020-03/umi_extracted/008_ACGGAACA-GTTCTCGT_L004_R3.processed.fastq.gz
Trimming mode: paired-end
Trim Galore version: 0.6.6
Cutadapt version: 3.4
Number of cores used for trimming: 1
Quality Phred score cutoff: 20
Quality encoding type selected: ASCII+33
Using Illumina adapter for trimming (count: 12598). Second best hit was smallRNA (count: 10)
Adapter sequence: 'AGATCGGAAGAGC' (Illumina TruSeq, Sanger iPCR; auto-detected)
Maximum trimming error rate: 0.1 (default)
Minimum required adapter overlap (stringency): 1 bp
Minimum required sequence length for both reads before a sequence pair gets removed: 20 bp
Running FastQC on the data once trimming has completed
Output file will be GZIP compressed


This is cutadapt 3.4 with Python 3.8.5
Command line parameters: -j 1 -e 0.1 -q 20 -O 1 -a AGATCGGAAGAGC /mnt/xomics/remcovc/raw_data_recognition_2020-03/umi_extracted/008_ACGGAACA-GTTCTCGT_L004_R3.processed.fastq.gz
Processing reads on 1 core in single-end mode ...
Finished in 2556.64 s (41 µs/read; 1.46 M reads/minute).

=== Summary ===

Total reads processed:              62,303,843
Reads with adapters:                19,433,721 (31.2%)
Reads written (passing filters):    62,303,843 (100.0%)

Total basepairs processed: 9,345,576,450 bp
Quality-trimmed:              12,729,810 bp (0.1%)
Total written (filtered):  9,266,773,489 bp (99.2%)

=== Adapter 1 ===

Sequence: AGATCGGAAGAGC; Type: regular 3'; Length: 13; Trimmed: 19433721 times

No. of allowed errors:
1-9 bp: 0; 10-13 bp: 1

Bases preceding removed adapters:
  A: 26.3%
  C: 36.0%
  G: 21.8%
  T: 15.9%
  none/other: 0.0%

Overview of removed sequences
length	count	expect	max.err	error counts
1	12940685	15575960.8	0	12940685
2	4336893	3893990.2	0	4336893
3	1041806	973497.5	0	1041806
4	249753	243374.4	0	249753
5	81813	60843.6	0	81813
6	34803	15210.9	0	34803
7	29931	3802.7	0	29931
8	30087	950.7	0	30087
9	24212	237.7	0	23568 644
10	27700	59.4	1	25620 2080
11	23379	14.9	1	22024 1355
12	24000	3.7	1	22593 1407
13	21756	0.9	1	20721 1035
14	23792	0.9	1	22640 1152
15	17926	0.9	1	17025 901
16	18278	0.9	1	17323 955
17	21898	0.9	1	20796 1102
18	12648	0.9	1	11992 656
19	18977	0.9	1	18023 954
20	15339	0.9	1	14646 693
21	11851	0.9	1	11389 462
22	13528	0.9	1	12910 618
23	13155	0.9	1	12501 654
24	13634	0.9	1	12690 944
25	12453	0.9	1	11996 457
26	10261	0.9	1	9788 473
27	9136	0.9	1	8668 468
28	10160	0.9	1	9692 468
29	8236	0.9	1	7853 383
30	8672	0.9	1	8274 398
31	7929	0.9	1	7611 318
32	7261	0.9	1	6940 321
33	7590	0.9	1	7089 501
34	6831	0.9	1	6440 391
35	5990	0.9	1	5664 326
36	6219	0.9	1	5893 326
37	5121	0.9	1	4881 240
38	6483	0.9	1	6187 296
39	4357	0.9	1	4185 172
40	3544	0.9	1	3261 283
41	3742	0.9	1	3541 201
42	5235	0.9	1	4996 239
43	2396	0.9	1	2173 223
44	5603	0.9	1	5335 268
45	3084	0.9	1	2849 235
46	2060	0.9	1	1886 174
47	3517	0.9	1	3343 174
48	1901	0.9	1	1771 130
49	1820	0.9	1	1685 135
50	1733	0.9	1	1604 129
51	1397	0.9	1	1299 98
52	1269	0.9	1	1151 118
53	1624	0.9	1	1521 103
54	1795	0.9	1	1660 135
55	1162	0.9	1	1053 109
56	1326	0.9	1	1210 116
57	1968	0.9	1	1863 105
58	962	0.9	1	872 90
59	889	0.9	1	788 101
60	1290	0.9	1	1187 103
61	829	0.9	1	698 131
62	669	0.9	1	581 88
63	1145	0.9	1	1042 103
64	983	0.9	1	895 88
65	591	0.9	1	521 70
66	585	0.9	1	528 57
67	581	0.9	1	490 91
68	378	0.9	1	323 55
69	392	0.9	1	349 43
70	401	0.9	1	331 70
71	271	0.9	1	215 56
72	284	0.9	1	188 96
73	218	0.9	1	153 65
74	274	0.9	1	169 105
75	296	0.9	1	196 100
76	202	0.9	1	163 39
77	216	0.9	1	167 49
78	236	0.9	1	156 80
79	249	0.9	1	146 103
80	297	0.9	1	219 78
81	251	0.9	1	155 96
82	200	0.9	1	153 47
83	1160	0.9	1	461 699
84	366	0.9	1	209 157
85	825	0.9	1	342 483
86	305	0.9	1	186 119
87	278	0.9	1	152 126
88	215	0.9	1	123 92
89	278	0.9	1	146 132
90	206	0.9	1	127 79
91	491	0.9	1	205 286
92	245	0.9	1	142 103
93	177	0.9	1	104 73
94	200	0.9	1	113 87
95	329	0.9	1	172 157
96	200	0.9	1	111 89
97	179	0.9	1	95 84
98	137	0.9	1	72 65
99	142	0.9	1	87 55
100	153	0.9	1	90 63
101	109	0.9	1	75 34
102	108	0.9	1	70 38
103	99	0.9	1	55 44
104	140	0.9	1	74 66
105	99	0.9	1	65 34
106	117	0.9	1	77 40
107	106	0.9	1	63 43
108	128	0.9	1	59 69
109	93	0.9	1	48 45
110	95	0.9	1	45 50
111	95	0.9	1	58 37
112	87	0.9	1	52 35
113	85	0.9	1	53 32
114	78	0.9	1	46 32
115	81	0.9	1	62 19
116	92	0.9	1	60 32
117	86	0.9	1	51 35
118	68	0.9	1	43 25
119	89	0.9	1	59 30
120	93	0.9	1	46 47
121	103	0.9	1	41 62
122	115	0.9	1	52 63
123	70	0.9	1	49 21
124	106	0.9	1	81 25
125	243	0.9	1	195 48
126	532	0.9	1	497 35
127	99	0.9	1	61 38
128	468	0.9	1	419 49
129	432	0.9	1	373 59
130	123480	0.9	1	121277 2203
131	2175	0.9	1	2075 100
132	2749	0.9	1	2632 117
133	555	0.9	1	478 77
134	3268	0.9	1	3096 172
135	1765	0.9	1	1614 151
136	3491	0.9	1	3291 200
137	3909	0.9	1	3393 516
138	6183	0.9	1	5462 721
139	5239	0.9	1	4703 536
140	2911	0.9	1	1497 1414
141	7240	0.9	1	4027 3213
142	1750	0.9	1	950 800
143	5744	0.9	1	2523 3221
144	8434	0.9	1	2584 5850
145	9472	0.9	1	2961 6511
146	1870	0.9	1	743 1127
147	2633	0.9	1	1022 1611
148	3608	0.9	1	1226 2382
149	548	0.9	1	209 339
150	4287	0.9	1	1847 2440

RUN STATISTICS FOR INPUT FILE: /mnt/xomics/remcovc/raw_data_recognition_2020-03/umi_extracted/008_ACGGAACA-GTTCTCGT_L004_R3.processed.fastq.gz
=============================================
62303843 sequences processed in total

Total number of sequences analysed for the sequence pair length validation: 62303843

Number of sequence pairs removed because at least one read was shorter than the length cutoff (20 bp): 361562 (0.58%)
