
SUMMARISING RUN PARAMETERS
==========================
Input filename: /mnt/xomics/remcovc/raw_data_recognition_2020-03/umi_extracted/009_ATCGATCG-TGCTTCCA_L003_R3.processed.fastq.gz
Trimming mode: paired-end
Trim Galore version: 0.6.6
Cutadapt version: 3.4
Number of cores used for trimming: 1
Quality Phred score cutoff: 20
Quality encoding type selected: ASCII+33
Using Illumina adapter for trimming (count: 175134). Second best hit was smallRNA (count: 3)
Adapter sequence: 'AGATCGGAAGAGC' (Illumina TruSeq, Sanger iPCR; auto-detected)
Maximum trimming error rate: 0.1 (default)
Minimum required adapter overlap (stringency): 1 bp
Minimum required sequence length for both reads before a sequence pair gets removed: 20 bp
Running FastQC on the data once trimming has completed
Output file will be GZIP compressed


This is cutadapt 3.4 with Python 3.8.5
Command line parameters: -j 1 -e 0.1 -q 20 -O 1 -a AGATCGGAAGAGC /mnt/xomics/remcovc/raw_data_recognition_2020-03/umi_extracted/009_ATCGATCG-TGCTTCCA_L003_R3.processed.fastq.gz
Processing reads on 1 core in single-end mode ...
Finished in 938.29 s (32 µs/read; 1.87 M reads/minute).

=== Summary ===

Total reads processed:              29,220,038
Reads with adapters:                11,448,474 (39.2%)
Reads written (passing filters):    29,220,038 (100.0%)

Total basepairs processed: 4,383,005,700 bp
Quality-trimmed:              12,585,845 bp (0.3%)
Total written (filtered):  4,057,371,667 bp (92.6%)

=== Adapter 1 ===

Sequence: AGATCGGAAGAGC; Type: regular 3'; Length: 13; Trimmed: 11448474 times

No. of allowed errors:
1-9 bp: 0; 10-13 bp: 1

Bases preceding removed adapters:
  A: 24.2%
  C: 27.7%
  G: 30.8%
  T: 17.4%
  none/other: 0.0%

Overview of removed sequences
length	count	expect	max.err	error counts
1	5671597	7305009.5	0	5671597
2	1619494	1826252.4	0	1619494
3	489326	456563.1	0	489326
4	150175	114140.8	0	150175
5	71059	28535.2	0	71059
6	53253	7133.8	0	53253
7	49354	1783.4	0	49354
8	53940	445.9	0	53940
9	43630	111.5	0	43381 249
10	48710	27.9	1	46198 2512
11	46979	7.0	1	43623 3356
12	47497	1.7	1	44592 2905
13	43252	0.4	1	41080 2172
14	48702	0.4	1	46174 2528
15	36384	0.4	1	34148 2236
16	40955	0.4	1	38793 2162
17	47267	0.4	1	44947 2320
18	29301	0.4	1	27565 1736
19	45502	0.4	1	43134 2368
20	34919	0.4	1	33096 1823
21	31262	0.4	1	29527 1735
22	34607	0.4	1	32896 1711
23	33521	0.4	1	31680 1841
24	35260	0.4	1	32942 2318
25	33730	0.4	1	32100 1630
26	28761	0.4	1	27175 1586
27	27219	0.4	1	25430 1789
28	29177	0.4	1	27835 1342
29	26498	0.4	1	24734 1764
30	28892	0.4	1	27408 1484
31	23431	0.4	1	22177 1254
32	24887	0.4	1	23576 1311
33	24079	0.4	1	22748 1331
34	25399	0.4	1	23628 1771
35	22830	0.4	1	21550 1280
36	33353	0.4	1	31696 1657
37	16877	0.4	1	16023 854
38	14578	0.4	1	13416 1162
39	20562	0.4	1	19662 900
40	20787	0.4	1	19941 846
41	12792	0.4	1	11717 1075
42	23764	0.4	1	22830 934
43	10300	0.4	1	9397 903
44	35242	0.4	1	34038 1204
45	15693	0.4	1	14793 900
46	7927	0.4	1	7194 733
47	20055	0.4	1	19426 629
48	4902	0.4	1	4452 450
49	9662	0.4	1	9184 478
50	3932	0.4	1	3680 252
51	5194	0.4	1	4841 353
52	3675	0.4	1	3394 281
53	9173	0.4	1	8704 469
54	12356	0.4	1	11892 464
55	4362	0.4	1	4059 303
56	7911	0.4	1	7400 511
57	16718	0.4	1	16129 589
58	5028	0.4	1	4684 344
59	3422	0.4	1	3142 280
60	11692	0.4	1	11276 416
61	3569	0.4	1	3380 189
62	2210	0.4	1	1991 219
63	9857	0.4	1	9380 477
64	11452	0.4	1	10941 511
65	3031	0.4	1	2812 219
66	3677	0.4	1	3435 242
67	2414	0.4	1	2218 196
68	1691	0.4	1	1420 271
69	2104	0.4	1	1695 409
70	3109	0.4	1	2690 419
71	1463	0.4	1	1261 202
72	1497	0.4	1	1267 230
73	1810	0.4	1	1592 218
74	1963	0.4	1	1734 229
75	4798	0.4	1	4181 617
76	3421	0.4	1	2034 1387
77	3581	0.4	1	2462 1119
78	2268	0.4	1	1472 796
79	2037	0.4	1	1579 458
80	2856	0.4	1	2494 362
81	1455	0.4	1	1266 189
82	1241	0.4	1	1073 168
83	1300	0.4	1	1068 232
84	1104	0.4	1	920 184
85	1253	0.4	1	1040 213
86	1395	0.4	1	1120 275
87	1306	0.4	1	1107 199
88	1175	0.4	1	942 233
89	1081	0.4	1	928 153
90	1570	0.4	1	1278 292
91	1070	0.4	1	910 160
92	1037	0.4	1	838 199
93	799	0.4	1	625 174
94	1057	0.4	1	791 266
95	886	0.4	1	716 170
96	801	0.4	1	552 249
97	541	0.4	1	421 120
98	654	0.4	1	532 122
99	471	0.4	1	412 59
100	557	0.4	1	446 111
101	369	0.4	1	320 49
102	357	0.4	1	297 60
103	227	0.4	1	183 44
104	221	0.4	1	195 26
105	211	0.4	1	196 15
106	182	0.4	1	148 34
107	199	0.4	1	150 49
108	205	0.4	1	162 43
109	159	0.4	1	129 30
110	183	0.4	1	163 20
111	141	0.4	1	123 18
112	133	0.4	1	119 14
113	121	0.4	1	97 24
114	162	0.4	1	148 14
115	96	0.4	1	82 14
116	104	0.4	1	87 17
117	194	0.4	1	148 46
118	174	0.4	1	135 39
119	146	0.4	1	101 45
120	126	0.4	1	113 13
121	514	0.4	1	469 45
122	165	0.4	1	139 26
123	164	0.4	1	146 18
124	382	0.4	1	343 39
125	1508	0.4	1	1431 77
126	2667	0.4	1	2590 77
127	555	0.4	1	491 64
128	4192	0.4	1	4026 166
129	7008	0.4	1	6454 554
130	1160626	0.4	1	1133621 27005
131	39639	0.4	1	37520 2119
132	19977	0.4	1	18740 1237
133	5288	0.4	1	4990 298
134	21464	0.4	1	20527 937
135	11292	0.4	1	10242 1050
136	8901	0.4	1	7856 1045
137	12960	0.4	1	11233 1727
138	22021	0.4	1	19717 2304
139	11649	0.4	1	9531 2118
140	12501	0.4	1	7184 5317
141	45766	0.4	1	27657 18109
142	19258	0.4	1	11505 7753
143	49312	0.4	1	20556 28756
144	140298	0.4	1	51052 89246
145	141825	0.4	1	50795 91030
146	49768	0.4	1	28132 21636
147	37511	0.4	1	20019 17492
148	55256	0.4	1	21654 33602
149	8784	0.4	1	3726 5058
150	33146	0.4	1	14351 18795

RUN STATISTICS FOR INPUT FILE: /mnt/xomics/remcovc/raw_data_recognition_2020-03/umi_extracted/009_ATCGATCG-TGCTTCCA_L003_R3.processed.fastq.gz
=============================================
29220038 sequences processed in total

Total number of sequences analysed for the sequence pair length validation: 29220038

Number of sequence pairs removed because at least one read was shorter than the length cutoff (20 bp): 3247938 (11.12%)
