
SUMMARISING RUN PARAMETERS
==========================
Input filename: /mnt/xomics/remcovc/raw_data_recognition_2020-03/umi_extracted/009_ATCGATCG-TGCTTCCA_L003_R1.processed.fastq.gz
Trimming mode: paired-end
Trim Galore version: 0.6.6
Cutadapt version: 3.4
Number of cores used for trimming: 1
Quality Phred score cutoff: 20
Quality encoding type selected: ASCII+33
Using Illumina adapter for trimming (count: 175134). Second best hit was smallRNA (count: 3)
Adapter sequence: 'AGATCGGAAGAGC' (Illumina TruSeq, Sanger iPCR; auto-detected)
Maximum trimming error rate: 0.1 (default)
Minimum required adapter overlap (stringency): 1 bp
Minimum required sequence length for both reads before a sequence pair gets removed: 20 bp
Running FastQC on the data once trimming has completed
Output file will be GZIP compressed


This is cutadapt 3.4 with Python 3.8.5
Command line parameters: -j 1 -e 0.1 -q 20 -O 1 -a AGATCGGAAGAGC /mnt/xomics/remcovc/raw_data_recognition_2020-03/umi_extracted/009_ATCGATCG-TGCTTCCA_L003_R1.processed.fastq.gz
Processing reads on 1 core in single-end mode ...
Finished in 830.98 s (28 µs/read; 2.11 M reads/minute).

=== Summary ===

Total reads processed:              29,220,038
Reads with adapters:                14,622,705 (50.0%)
Reads written (passing filters):    29,220,038 (100.0%)

Total basepairs processed: 4,383,005,700 bp
Quality-trimmed:               8,036,458 bp (0.2%)
Total written (filtered):  3,681,103,538 bp (84.0%)

=== Adapter 1 ===

Sequence: AGATCGGAAGAGC; Type: regular 3'; Length: 13; Trimmed: 14622705 times

No. of allowed errors:
1-9 bp: 0; 10-13 bp: 1

Bases preceding removed adapters:
  A: 24.5%
  C: 23.7%
  G: 39.0%
  T: 12.7%
  none/other: 0.0%

Overview of removed sequences
length	count	expect	max.err	error counts
1	5919808	7305009.5	0	5919808
2	1713731	1826252.4	0	1713731
3	608911	456563.1	0	608911
4	172483	114140.8	0	172483
5	75585	28535.2	0	75585
6	54999	7133.8	0	54999
7	50599	1783.4	0	50599
8	51819	445.9	0	51819
9	48306	111.5	0	47868 438
10	49511	27.9	1	47630 1881
11	46794	7.0	1	44937 1857
12	46989	1.7	1	45644 1345
13	43886	0.4	1	42780 1106
14	43439	0.4	1	42271 1168
15	42251	0.4	1	41123 1128
16	41023	0.4	1	39706 1317
17	42355	0.4	1	40827 1528
18	41855	0.4	1	40850 1005
19	34272	0.4	1	33398 874
20	37067	0.4	1	36078 989
21	36720	0.4	1	35778 942
22	34723	0.4	1	33974 749
23	34815	0.4	1	33866 949
24	32991	0.4	1	31881 1110
25	32466	0.4	1	31716 750
26	28300	0.4	1	27700 600
27	30271	0.4	1	29328 943
28	28908	0.4	1	28166 742
29	28242	0.4	1	27306 936
30	29001	0.4	1	28376 625
31	23210	0.4	1	22681 529
32	26399	0.4	1	25832 567
33	23485	0.4	1	22911 574
34	24616	0.4	1	24045 571
35	25754	0.4	1	25007 747
36	17339	0.4	1	16934 405
37	21583	0.4	1	21115 468
38	18832	0.4	1	18480 352
39	20077	0.4	1	19523 554
40	17363	0.4	1	16962 401
41	17554	0.4	1	17130 424
42	16575	0.4	1	16248 327
43	16099	0.4	1	15728 371
44	15922	0.4	1	15508 414
45	14730	0.4	1	14337 393
46	13691	0.4	1	13359 332
47	13252	0.4	1	12966 286
48	12345	0.4	1	12044 301
49	12094	0.4	1	11814 280
50	11886	0.4	1	11568 318
51	11665	0.4	1	11379 286
52	11738	0.4	1	11349 389
53	10047	0.4	1	9764 283
54	15579	0.4	1	15300 279
55	3341	0.4	1	3190 151
56	6977	0.4	1	6800 177
57	14606	0.4	1	14294 312
58	8424	0.4	1	8200 224
59	4356	0.4	1	4189 167
60	7761	0.4	1	7557 204
61	7722	0.4	1	7569 153
62	4478	0.4	1	4346 132
63	5709	0.4	1	5546 163
64	10028	0.4	1	9822 206
65	5584	0.4	1	5424 160
66	4738	0.4	1	4639 99
67	4281	0.4	1	4122 159
68	5217	0.4	1	5027 190
69	2469	0.4	1	2371 98
70	1978	0.4	1	1867 111
71	6915	0.4	1	6663 252
72	4599	0.4	1	4406 193
73	3723	0.4	1	3488 235
74	3547	0.4	1	3277 270
75	118310	0.4	1	115949 2361
76	19347	0.4	1	19095 252
77	4372	0.4	1	4183 189
78	2025	0.4	1	1902 123
79	1585	0.4	1	1490 95
80	3775	0.4	1	3526 249
81	3559	0.4	1	3399 160
82	3371	0.4	1	3278 93
83	5513	0.4	1	5393 120
84	3883	0.4	1	3745 138
85	5061	0.4	1	4916 145
86	4145	0.4	1	3937 208
87	5421	0.4	1	5293 128
88	2457	0.4	1	2393 64
89	2923	0.4	1	2851 72
90	3095	0.4	1	2995 100
91	5986	0.4	1	5902 84
92	2327	0.4	1	2232 95
93	1547	0.4	1	1487 60
94	1683	0.4	1	1576 107
95	2175	0.4	1	2053 122
96	1491	0.4	1	1335 156
97	1289	0.4	1	1241 48
98	1098	0.4	1	1054 44
99	812	0.4	1	760 52
100	932	0.4	1	890 42
101	713	0.4	1	667 46
102	844	0.4	1	809 35
103	491	0.4	1	440 51
104	416	0.4	1	364 52
105	555	0.4	1	474 81
106	960	0.4	1	889 71
107	649	0.4	1	602 47
108	722	0.4	1	672 50
109	773	0.4	1	737 36
110	929	0.4	1	874 55
111	1106	0.4	1	1040 66
112	1563	0.4	1	1436 127
113	2093	0.4	1	2005 88
114	2224	0.4	1	2144 80
115	2211	0.4	1	2129 82
116	1545	0.4	1	1436 109
117	1988	0.4	1	1843 145
118	4512	0.4	1	4325 187
119	3864	0.4	1	3724 140
120	2391	0.4	1	2230 161
121	3075	0.4	1	2800 275
122	2471	0.4	1	2253 218
123	2539	0.4	1	2356 183
124	2836	0.4	1	2526 310
125	4507	0.4	1	4020 487
126	6486	0.4	1	5853 633
127	3365	0.4	1	3161 204
128	7315	0.4	1	6781 534
129	7221	0.4	1	6600 621
130	1154220	0.4	1	1079099 75121
131	42067	0.4	1	39329 2738
132	23666	0.4	1	22357 1309
133	8876	0.4	1	8413 463
134	23903	0.4	1	22722 1181
135	15737	0.4	1	14820 917
136	17156	0.4	1	16547 609
137	21380	0.4	1	20316 1064
138	32782	0.4	1	31044 1738
139	37376	0.4	1	35507 1869
140	32665	0.4	1	31122 1543
141	50756	0.4	1	47774 2982
142	58999	0.4	1	25578 33421
143	111470	0.4	1	108340 3130
144	391108	0.4	1	389285 1823
145	410590	0.4	1	408549 2041
146	129336	0.4	1	127796 1540
147	100436	0.4	1	99112 1324
148	120762	0.4	1	119506 1256
149	37542	0.4	1	21307 16235
150	1512924	0.4	1	65495 1447429

RUN STATISTICS FOR INPUT FILE: /mnt/xomics/remcovc/raw_data_recognition_2020-03/umi_extracted/009_ATCGATCG-TGCTTCCA_L003_R1.processed.fastq.gz
=============================================
29220038 sequences processed in total

