
SUMMARISING RUN PARAMETERS
==========================
Input filename: /mnt/xomics/remcovc/raw_data_recognition_2020-03/umi_extracted/010_GCTATCCT-CACCTGTT_L003_R1.processed.fastq.gz
Trimming mode: paired-end
Trim Galore version: 0.6.6
Cutadapt version: 3.4
Number of cores used for trimming: 1
Quality Phred score cutoff: 20
Quality encoding type selected: ASCII+33
Using Illumina adapter for trimming (count: 227322). Second best hit was smallRNA (count: 6)
Adapter sequence: 'AGATCGGAAGAGC' (Illumina TruSeq, Sanger iPCR; auto-detected)
Maximum trimming error rate: 0.1 (default)
Minimum required adapter overlap (stringency): 1 bp
Minimum required sequence length for both reads before a sequence pair gets removed: 20 bp
Running FastQC on the data once trimming has completed
Output file will be GZIP compressed


This is cutadapt 3.4 with Python 3.8.5
Command line parameters: -j 1 -e 0.1 -q 20 -O 1 -a AGATCGGAAGAGC /mnt/xomics/remcovc/raw_data_recognition_2020-03/umi_extracted/010_GCTATCCT-CACCTGTT_L003_R1.processed.fastq.gz
Processing reads on 1 core in single-end mode ...
Finished in 802.47 s (27 µs/read; 2.23 M reads/minute).

=== Summary ===

Total reads processed:              29,873,848
Reads with adapters:                15,963,838 (53.4%)
Reads written (passing filters):    29,873,848 (100.0%)

Total basepairs processed: 4,481,077,200 bp
Quality-trimmed:               9,884,646 bp (0.2%)
Total written (filtered):  3,665,709,695 bp (81.8%)

=== Adapter 1 ===

Sequence: AGATCGGAAGAGC; Type: regular 3'; Length: 13; Trimmed: 15963838 times

No. of allowed errors:
1-9 bp: 0; 10-13 bp: 1

Bases preceding removed adapters:
  A: 22.5%
  C: 24.1%
  G: 40.3%
  T: 13.0%
  none/other: 0.0%

Overview of removed sequences
length	count	expect	max.err	error counts
1	5528797	7468462.0	0	5528797
2	1660962	1867115.5	0	1660962
3	618192	466778.9	0	618192
4	197733	116694.7	0	197733
5	113151	29173.7	0	113151
6	92706	7293.4	0	92706
7	88325	1823.4	0	88325
8	91088	455.8	0	91088
9	84563	114.0	0	83921 642
10	86214	28.5	1	83483 2731
11	82546	7.1	1	79944 2602
12	82965	1.8	1	80567 2398
13	77063	0.4	1	75073 1990
14	76142	0.4	1	73929 2213
15	73916	0.4	1	71821 2095
16	71136	0.4	1	68839 2297
17	74219	0.4	1	71487 2732
18	75177	0.4	1	73268 1909
19	60123	0.4	1	58631 1492
20	66423	0.4	1	64718 1705
21	66357	0.4	1	64602 1755
22	61509	0.4	1	60068 1441
23	61975	0.4	1	60294 1681
24	59664	0.4	1	57629 2035
25	56605	0.4	1	55308 1297
26	49560	0.4	1	48421 1139
27	53375	0.4	1	51957 1418
28	49911	0.4	1	48593 1318
29	50352	0.4	1	48680 1672
30	51684	0.4	1	50595 1089
31	40924	0.4	1	40013 911
32	45467	0.4	1	44437 1030
33	43031	0.4	1	41856 1175
34	43524	0.4	1	42203 1321
35	38354	0.4	1	37552 802
36	39642	0.4	1	38525 1117
37	35315	0.4	1	34624 691
38	35193	0.4	1	34114 1079
39	30620	0.4	1	29953 667
40	33443	0.4	1	32644 799
41	30685	0.4	1	29936 749
42	28661	0.4	1	28115 546
43	28076	0.4	1	27417 659
44	27205	0.4	1	26599 606
45	25588	0.4	1	24970 618
46	24101	0.4	1	23507 594
47	22590	0.4	1	22098 492
48	20919	0.4	1	20430 489
49	20631	0.4	1	20146 485
50	19531	0.4	1	19051 480
51	19006	0.4	1	18550 456
52	18988	0.4	1	18419 569
53	16374	0.4	1	15936 438
54	25287	0.4	1	24871 416
55	5675	0.4	1	5470 205
56	11617	0.4	1	11345 272
57	21077	0.4	1	20671 406
58	13323	0.4	1	12993 330
59	7285	0.4	1	7014 271
60	12511	0.4	1	12151 360
61	11664	0.4	1	11360 304
62	7524	0.4	1	7307 217
63	9205	0.4	1	8938 267
64	14232	0.4	1	13917 315
65	8190	0.4	1	7981 209
66	7543	0.4	1	7355 188
67	6974	0.4	1	6721 253
68	9038	0.4	1	8799 239
69	4025	0.4	1	3819 206
70	3288	0.4	1	3088 200
71	9438	0.4	1	9027 411
72	6008	0.4	1	5668 340
73	5173	0.4	1	4787 386
74	5355	0.4	1	4965 390
75	102207	0.4	1	98854 3353
76	16955	0.4	1	16679 276
77	5345	0.4	1	5071 274
78	3007	0.4	1	2849 158
79	2388	0.4	1	2211 177
80	4957	0.4	1	4506 451
81	4692	0.4	1	4461 231
82	5389	0.4	1	5227 162
83	6778	0.4	1	6610 168
84	5430	0.4	1	5294 136
85	6700	0.4	1	6527 173
86	6321	0.4	1	5977 344
87	4403	0.4	1	4128 275
88	3634	0.4	1	3495 139
89	4293	0.4	1	4160 133
90	5694	0.4	1	5567 127
91	4405	0.4	1	4304 101
92	3295	0.4	1	3151 144
93	3086	0.4	1	2965 121
94	2895	0.4	1	2830 65
95	2630	0.4	1	2530 100
96	2416	0.4	1	2169 247
97	1813	0.4	1	1740 73
98	1570	0.4	1	1519 51
99	1485	0.4	1	1423 62
100	1349	0.4	1	1252 97
101	1233	0.4	1	1174 59
102	848	0.4	1	794 54
103	770	0.4	1	713 57
104	696	0.4	1	618 78
105	738	0.4	1	648 90
106	949	0.4	1	851 98
107	1071	0.4	1	1005 66
108	1193	0.4	1	1108 85
109	1553	0.4	1	1407 146
110	2117	0.4	1	1963 154
111	2583	0.4	1	2441 142
112	3016	0.4	1	2892 124
113	3310	0.4	1	3150 160
114	3801	0.4	1	3670 131
115	3879	0.4	1	3774 105
116	2700	0.4	1	2561 139
117	3748	0.4	1	3620 128
118	6972	0.4	1	6812 160
119	5460	0.4	1	5292 168
120	3889	0.4	1	3620 269
121	24430	0.4	1	18814 5616
122	9952	0.4	1	8412 1540
123	5926	0.4	1	5226 700
124	27215	0.4	1	21835 5380
125	43858	0.4	1	35761 8097
126	36527	0.4	1	31113 5414
127	7669	0.4	1	7075 594
128	14436	0.4	1	13695 741
129	10932	0.4	1	10131 801
130	939147	0.4	1	873894 65253
131	31003	0.4	1	28779 2224
132	28621	0.4	1	27130 1491
133	15500	0.4	1	14808 692
134	27396	0.4	1	25942 1454
135	38118	0.4	1	36342 1776
136	42243	0.4	1	41078 1165
137	31566	0.4	1	30208 1358
138	48336	0.4	1	45643 2693
139	71593	0.4	1	68891 2702
140	65030	0.4	1	62625 2405
141	114539	0.4	1	109604 4935
142	140476	0.4	1	81935 58541
143	224233	0.4	1	219279 4954
144	607301	0.4	1	604337 2964
145	533227	0.4	1	530233 2994
146	173645	0.4	1	171570 2075
147	228970	0.4	1	227126 1844
148	138664	0.4	1	137244 1420
149	27316	0.4	1	15041 12275
150	1237573	0.4	1	55611 1181962

RUN STATISTICS FOR INPUT FILE: /mnt/xomics/remcovc/raw_data_recognition_2020-03/umi_extracted/010_GCTATCCT-CACCTGTT_L003_R1.processed.fastq.gz
=============================================
29873848 sequences processed in total

