
SUMMARISING RUN PARAMETERS
==========================
Input filename: /mnt/xomics/remcovc/raw_data_recognition_2020-03/umi_extracted/010_GCTATCCT-CACCTGTT_L003_R3.processed.fastq.gz
Trimming mode: paired-end
Trim Galore version: 0.6.6
Cutadapt version: 3.4
Number of cores used for trimming: 1
Quality Phred score cutoff: 20
Quality encoding type selected: ASCII+33
Using Illumina adapter for trimming (count: 227322). Second best hit was smallRNA (count: 6)
Adapter sequence: 'AGATCGGAAGAGC' (Illumina TruSeq, Sanger iPCR; auto-detected)
Maximum trimming error rate: 0.1 (default)
Minimum required adapter overlap (stringency): 1 bp
Minimum required sequence length for both reads before a sequence pair gets removed: 20 bp
Running FastQC on the data once trimming has completed
Output file will be GZIP compressed


This is cutadapt 3.4 with Python 3.8.5
Command line parameters: -j 1 -e 0.1 -q 20 -O 1 -a AGATCGGAAGAGC /mnt/xomics/remcovc/raw_data_recognition_2020-03/umi_extracted/010_GCTATCCT-CACCTGTT_L003_R3.processed.fastq.gz
Processing reads on 1 core in single-end mode ...
Finished in 910.40 s (30 µs/read; 1.97 M reads/minute).

=== Summary ===

Total reads processed:              29,873,848
Reads with adapters:                12,260,573 (41.0%)
Reads written (passing filters):    29,873,848 (100.0%)

Total basepairs processed: 4,481,077,200 bp
Quality-trimmed:              16,485,604 bp (0.4%)
Total written (filtered):  4,114,959,528 bp (91.8%)

=== Adapter 1 ===

Sequence: AGATCGGAAGAGC; Type: regular 3'; Length: 13; Trimmed: 12260573 times

No. of allowed errors:
1-9 bp: 0; 10-13 bp: 1

Bases preceding removed adapters:
  A: 22.2%
  C: 28.6%
  G: 31.8%
  T: 17.4%
  none/other: 0.0%

Overview of removed sequences
length	count	expect	max.err	error counts
1	5248621	7468462.0	0	5248621
2	1586282	1867115.5	0	1586282
3	498127	466778.9	0	498127
4	178839	116694.7	0	178839
5	108582	29173.7	0	108582
6	90889	7293.4	0	90889
7	86757	1823.4	0	86757
8	95178	455.8	0	95178
9	76290	114.0	0	76016 274
10	87263	28.5	1	83284 3979
11	81271	7.1	1	75928 5343
12	83528	1.8	1	78367 5161
13	77123	0.4	1	73176 3947
14	82818	0.4	1	78191 4627
15	65070	0.4	1	60947 4123
16	71237	0.4	1	67084 4153
17	81550	0.4	1	77225 4325
18	54545	0.4	1	51063 3482
19	79827	0.4	1	75468 4359
20	63327	0.4	1	59848 3479
21	56512	0.4	1	53232 3280
22	61607	0.4	1	58242 3365
23	60283	0.4	1	56901 3382
24	61296	0.4	1	57087 4209
25	57764	0.4	1	54846 2918
26	49881	0.4	1	47032 2849
27	50395	0.4	1	47175 3220
28	48826	0.4	1	46385 2441
29	48928	0.4	1	45886 3042
30	48179	0.4	1	45543 2636
31	44808	0.4	1	42376 2432
32	42912	0.4	1	40707 2205
33	45494	0.4	1	42584 2910
34	43467	0.4	1	40976 2491
35	40390	0.4	1	37634 2756
36	38195	0.4	1	36488 1707
37	34495	0.4	1	31051 3444
38	34620	0.4	1	32625 1995
39	39851	0.4	1	38067 1784
40	23331	0.4	1	21668 1663
41	31611	0.4	1	29643 1968
42	40214	0.4	1	38219 1995
43	23362	0.4	1	20709 2653
44	70966	0.4	1	67871 3095
45	29337	0.4	1	27608 1729
46	11845	0.4	1	10573 1272
47	30365	0.4	1	29313 1052
48	11537	0.4	1	10771 766
49	13877	0.4	1	13143 734
50	9371	0.4	1	8827 544
51	9654	0.4	1	9054 600
52	7532	0.4	1	6977 555
53	14299	0.4	1	13545 754
54	17816	0.4	1	17207 609
55	8952	0.4	1	8358 594
56	12833	0.4	1	12144 689
57	20701	0.4	1	20049 652
58	9110	0.4	1	8555 555
59	7481	0.4	1	7019 462
60	15161	0.4	1	14535 626
61	8186	0.4	1	7787 399
62	5171	0.4	1	4734 437
63	13136	0.4	1	12539 597
64	14571	0.4	1	13951 620
65	7717	0.4	1	7202 515
66	7880	0.4	1	7389 491
67	6959	0.4	1	6456 503
68	4556	0.4	1	3553 1003
69	4365	0.4	1	3665 700
70	4607	0.4	1	4126 481
71	2694	0.4	1	2372 322
72	2349	0.4	1	1925 424
73	2503	0.4	1	2162 341
74	2505	0.4	1	2161 344
75	6862	0.4	1	5911 951
76	3894	0.4	1	2456 1438
77	3773	0.4	1	2574 1199
78	3230	0.4	1	1987 1243
79	3185	0.4	1	2301 884
80	4858	0.4	1	3965 893
81	2440	0.4	1	1893 547
82	2437	0.4	1	1929 508
83	11297	0.4	1	4091 7206
84	3215	0.4	1	2051 1164
85	7302	0.4	1	3272 4030
86	3901	0.4	1	2340 1561
87	2861	0.4	1	1792 1069
88	3495	0.4	1	2051 1444
89	3698	0.4	1	1979 1719
90	5422	0.4	1	3211 2211
91	6833	0.4	1	2798 4035
92	4190	0.4	1	2331 1859
93	3890	0.4	1	2156 1734
94	4121	0.4	1	2348 1773
95	4262	0.4	1	2197 2065
96	2400	0.4	1	1502 898
97	1370	0.4	1	976 394
98	1145	0.4	1	789 356
99	783	0.4	1	657 126
100	798	0.4	1	604 194
101	583	0.4	1	475 108
102	459	0.4	1	377 82
103	368	0.4	1	300 68
104	260	0.4	1	230 30
105	219	0.4	1	188 31
106	277	0.4	1	245 32
107	229	0.4	1	196 33
108	250	0.4	1	217 33
109	234	0.4	1	198 36
110	258	0.4	1	217 41
111	217	0.4	1	192 25
112	175	0.4	1	164 11
113	149	0.4	1	124 25
114	248	0.4	1	229 19
115	173	0.4	1	140 33
116	168	0.4	1	145 23
117	198	0.4	1	174 24
118	201	0.4	1	170 31
119	167	0.4	1	138 29
120	382	0.4	1	301 81
121	24214	0.4	1	23567 647
122	6244	0.4	1	6032 212
123	1779	0.4	1	1625 154
124	23704	0.4	1	23134 570
125	39800	0.4	1	38831 969
126	31250	0.4	1	30423 827
127	2559	0.4	1	2302 257
128	9013	0.4	1	8619 394
129	8066	0.4	1	7373 693
130	945741	0.4	1	924436 21305
131	27035	0.4	1	25406 1629
132	20203	0.4	1	18927 1276
133	7127	0.4	1	6655 472
134	19632	0.4	1	18375 1257
135	15814	0.4	1	10983 4831
136	17419	0.4	1	12095 5324
137	16425	0.4	1	12397 4028
138	32147	0.4	1	25170 6977
139	24675	0.4	1	15351 9324
140	24246	0.4	1	11774 12472
141	71358	0.4	1	41028 30330
142	36288	0.4	1	20435 15853
143	66606	0.4	1	28833 37773
144	156531	0.4	1	56508 100023
145	134127	0.4	1	49197 84930
146	49487	0.4	1	30143 19344
147	53546	0.4	1	26639 26907
148	48091	0.4	1	18136 29955
149	4603	0.4	1	1832 2771
150	24385	0.4	1	11809 12576

RUN STATISTICS FOR INPUT FILE: /mnt/xomics/remcovc/raw_data_recognition_2020-03/umi_extracted/010_GCTATCCT-CACCTGTT_L003_R3.processed.fastq.gz
=============================================
29873848 sequences processed in total

Total number of sequences analysed for the sequence pair length validation: 29873848

Number of sequence pairs removed because at least one read was shorter than the length cutoff (20 bp): 3939147 (13.19%)
