
SUMMARISING RUN PARAMETERS
==========================
Input filename: /mnt/xomics/remcovc/raw_data_recognition_2020-03/umi_extracted/011_AGAGTAGC-TACGCCTT_L003_R1.processed.fastq.gz
Trimming mode: paired-end
Trim Galore version: 0.6.6
Cutadapt version: 3.4
Number of cores used for trimming: 1
Quality Phred score cutoff: 20
Quality encoding type selected: ASCII+33
Using Illumina adapter for trimming (count: 11786). Second best hit was smallRNA (count: 6)
Adapter sequence: 'AGATCGGAAGAGC' (Illumina TruSeq, Sanger iPCR; auto-detected)
Maximum trimming error rate: 0.1 (default)
Minimum required adapter overlap (stringency): 1 bp
Minimum required sequence length for both reads before a sequence pair gets removed: 20 bp
Running FastQC on the data once trimming has completed
Output file will be GZIP compressed


This is cutadapt 3.4 with Python 3.8.5
Command line parameters: -j 1 -e 0.1 -q 20 -O 1 -a AGATCGGAAGAGC /mnt/xomics/remcovc/raw_data_recognition_2020-03/umi_extracted/011_AGAGTAGC-TACGCCTT_L003_R1.processed.fastq.gz
Processing reads on 1 core in single-end mode ...
Finished in 995.96 s (31 µs/read; 1.91 M reads/minute).

=== Summary ===

Total reads processed:              31,747,920
Reads with adapters:                11,007,076 (34.7%)
Reads written (passing filters):    31,747,920 (100.0%)

Total basepairs processed: 4,762,188,000 bp
Quality-trimmed:               7,656,487 bp (0.2%)
Total written (filtered):  4,686,337,740 bp (98.4%)

=== Adapter 1 ===

Sequence: AGATCGGAAGAGC; Type: regular 3'; Length: 13; Trimmed: 11007076 times

No. of allowed errors:
1-9 bp: 0; 10-13 bp: 1

Bases preceding removed adapters:
  A: 30.0%
  C: 31.8%
  G: 24.8%
  T: 13.5%
  none/other: 0.0%

Overview of removed sequences
length	count	expect	max.err	error counts
1	7220137	7936980.0	0	7220137
2	2358828	1984245.0	0	2358828
3	708295	496061.2	0	708295
4	152269	124015.3	0	152269
5	41892	31003.8	0	41892
6	11908	7751.0	0	11908
7	9318	1937.7	0	9318
8	7538	484.4	0	7538
9	7814	121.1	0	6806 1008
10	7704	30.3	1	6313 1391
11	7057	7.6	1	6203 854
12	6285	1.9	1	5928 357
13	5517	0.5	1	5294 223
14	5506	0.5	1	5272 234
15	5287	0.5	1	5089 198
16	5020	0.5	1	4795 225
17	5231	0.5	1	4954 277
18	5116	0.5	1	4894 222
19	3980	0.5	1	3828 152
20	4332	0.5	1	4141 191
21	3979	0.5	1	3802 177
22	3795	0.5	1	3616 179
23	3833	0.5	1	3643 190
24	3623	0.5	1	3394 229
25	3559	0.5	1	3410 149
26	2845	0.5	1	2716 129
27	3140	0.5	1	2974 166
28	3022	0.5	1	2854 168
29	2912	0.5	1	2754 158
30	2875	0.5	1	2760 115
31	2227	0.5	1	2114 113
32	2520	0.5	1	2366 154
33	2240	0.5	1	2131 109
34	2263	0.5	1	2129 134
35	2218	0.5	1	2061 157
36	1971	0.5	1	1895 76
37	1803	0.5	1	1681 122
38	1883	0.5	1	1795 88
39	1601	0.5	1	1477 124
40	1571	0.5	1	1443 128
41	1571	0.5	1	1462 109
42	1513	0.5	1	1408 105
43	1383	0.5	1	1296 87
44	1288	0.5	1	1200 88
45	1290	0.5	1	1179 111
46	1231	0.5	1	1120 111
47	1180	0.5	1	1085 95
48	1088	0.5	1	1004 84
49	1015	0.5	1	936 79
50	1057	0.5	1	953 104
51	1003	0.5	1	908 95
52	1079	0.5	1	964 115
53	857	0.5	1	770 87
54	1351	0.5	1	1275 76
55	298	0.5	1	257 41
56	636	0.5	1	575 61
57	1543	0.5	1	1460 83
58	745	0.5	1	658 87
59	403	0.5	1	332 71
60	676	0.5	1	611 65
61	540	0.5	1	477 63
62	351	0.5	1	302 49
63	511	0.5	1	468 43
64	685	0.5	1	628 57
65	339	0.5	1	297 42
66	369	0.5	1	329 40
67	291	0.5	1	265 26
68	372	0.5	1	340 32
69	191	0.5	1	148 43
70	208	0.5	1	154 54
71	445	0.5	1	396 49
72	291	0.5	1	212 79
73	219	0.5	1	160 59
74	228	0.5	1	185 43
75	1568	0.5	1	1387 181
76	333	0.5	1	288 45
77	272	0.5	1	231 41
78	172	0.5	1	120 52
79	144	0.5	1	101 43
80	152	0.5	1	88 64
81	247	0.5	1	176 71
82	258	0.5	1	201 57
83	418	0.5	1	379 39
84	425	0.5	1	390 35
85	412	0.5	1	384 28
86	357	0.5	1	324 33
87	266	0.5	1	222 44
88	237	0.5	1	199 38
89	223	0.5	1	177 46
90	229	0.5	1	177 52
91	294	0.5	1	233 61
92	243	0.5	1	201 42
93	227	0.5	1	178 49
94	176	0.5	1	121 55
95	309	0.5	1	258 51
96	267	0.5	1	210 57
97	146	0.5	1	124 22
98	136	0.5	1	111 25
99	141	0.5	1	102 39
100	141	0.5	1	102 39
101	118	0.5	1	76 42
102	134	0.5	1	88 46
103	121	0.5	1	82 39
104	127	0.5	1	82 45
105	126	0.5	1	92 34
106	138	0.5	1	103 35
107	139	0.5	1	88 51
108	146	0.5	1	109 37
109	161	0.5	1	125 36
110	161	0.5	1	116 45
111	203	0.5	1	164 39
112	231	0.5	1	183 48
113	275	0.5	1	232 43
114	255	0.5	1	221 34
115	274	0.5	1	239 35
116	208	0.5	1	169 39
117	191	0.5	1	159 32
118	393	0.5	1	330 63
119	465	0.5	1	427 38
120	281	0.5	1	264 17
121	296	0.5	1	232 64
122	232	0.5	1	192 40
123	193	0.5	1	163 30
124	212	0.5	1	171 41
125	332	0.5	1	283 49
126	829	0.5	1	692 137
127	328	0.5	1	263 65
128	1055	0.5	1	970 85
129	384	0.5	1	333 51
130	74192	0.5	1	70968 3224
131	1866	0.5	1	1727 139
132	1993	0.5	1	1903 90
133	603	0.5	1	541 62
134	2212	0.5	1	2077 135
135	1090	0.5	1	1032 58
136	1654	0.5	1	1581 73
137	2091	0.5	1	1969 122
138	2777	0.5	1	2638 139
139	2567	0.5	1	2468 99
140	2636	0.5	1	2502 134
141	3163	0.5	1	3005 158
142	2756	0.5	1	1401 1355
143	10439	0.5	1	10229 210
144	25289	0.5	1	25180 109
145	19965	0.5	1	19879 86
146	7448	0.5	1	7341 107
147	5989	0.5	1	5867 122
148	10317	0.5	1	10234 83
149	2940	0.5	1	2523 417
150	150127	0.5	1	13113 137014

RUN STATISTICS FOR INPUT FILE: /mnt/xomics/remcovc/raw_data_recognition_2020-03/umi_extracted/011_AGAGTAGC-TACGCCTT_L003_R1.processed.fastq.gz
=============================================
31747920 sequences processed in total

