
SUMMARISING RUN PARAMETERS
==========================
Input filename: /mnt/xomics/remcovc/raw_data_recognition_2020-03/umi_extracted/012_GACGATCT-ATGCACGA_L004_R1.processed.fastq.gz
Trimming mode: paired-end
Trim Galore version: 0.6.6
Cutadapt version: 3.4
Number of cores used for trimming: 1
Quality Phred score cutoff: 20
Quality encoding type selected: ASCII+33
Using Illumina adapter for trimming (count: 34871). Second best hit was smallRNA (count: 8)
Adapter sequence: 'AGATCGGAAGAGC' (Illumina TruSeq, Sanger iPCR; auto-detected)
Maximum trimming error rate: 0.1 (default)
Minimum required adapter overlap (stringency): 1 bp
Minimum required sequence length for both reads before a sequence pair gets removed: 20 bp
Running FastQC on the data once trimming has completed
Output file will be GZIP compressed


This is cutadapt 3.4 with Python 3.8.5
Command line parameters: -j 1 -e 0.1 -q 20 -O 1 -a AGATCGGAAGAGC /mnt/xomics/remcovc/raw_data_recognition_2020-03/umi_extracted/012_GACGATCT-ATGCACGA_L004_R1.processed.fastq.gz
Processing reads on 1 core in single-end mode ...
Finished in 1619.60 s (31 µs/read; 1.96 M reads/minute).

=== Summary ===

Total reads processed:              52,971,273
Reads with adapters:                19,142,028 (36.1%)
Reads written (passing filters):    52,971,273 (100.0%)

Total basepairs processed: 7,945,690,950 bp
Quality-trimmed:              13,976,670 bp (0.2%)
Total written (filtered):  7,646,250,498 bp (96.2%)

=== Adapter 1 ===

Sequence: AGATCGGAAGAGC; Type: regular 3'; Length: 13; Trimmed: 19142028 times

No. of allowed errors:
1-9 bp: 0; 10-13 bp: 1

Bases preceding removed adapters:
  A: 28.5%
  C: 29.8%
  G: 28.2%
  T: 13.3%
  none/other: 0.2%

Overview of removed sequences
length	count	expect	max.err	error counts
1	11782263	13242818.2	0	11782263
2	3832415	3310704.6	0	3832415
3	1146966	827676.1	0	1146966
4	241087	206919.0	0	241087
5	64090	51729.8	0	64090
6	15761	12932.4	0	15761
7	10875	3233.1	0	10875
8	8178	808.3	0	8178
9	8686	202.1	0	7359 1327
10	9090	50.5	1	6902 2188
11	7967	12.6	1	6827 1140
12	7258	3.2	1	6747 511
13	6845	0.8	1	6467 378
14	6533	0.8	1	6219 314
15	6530	0.8	1	6234 296
16	5930	0.8	1	5603 327
17	6633	0.8	1	6202 431
18	6716	0.8	1	6423 293
19	4675	0.8	1	4504 171
20	5437	0.8	1	5235 202
21	5364	0.8	1	5093 271
22	5058	0.8	1	4821 237
23	5180	0.8	1	4939 241
24	5258	0.8	1	4880 378
25	4894	0.8	1	4671 223
26	3957	0.8	1	3815 142
27	4567	0.8	1	4325 242
28	4394	0.8	1	4126 268
29	4118	0.8	1	3838 280
30	4252	0.8	1	4041 211
31	3197	0.8	1	3017 180
32	3615	0.8	1	3432 183
33	3628	0.8	1	3394 234
34	3800	0.8	1	3516 284
35	3221	0.8	1	3072 149
36	3085	0.8	1	2877 208
37	3262	0.8	1	3034 228
38	2879	0.8	1	2732 147
39	3154	0.8	1	2924 230
40	2587	0.8	1	2438 149
41	2591	0.8	1	2438 153
42	2524	0.8	1	2376 148
43	2449	0.8	1	2260 189
44	2374	0.8	1	2233 141
45	2225	0.8	1	2053 172
46	2120	0.8	1	1935 185
47	2051	0.8	1	1877 174
48	2000	0.8	1	1862 138
49	1949	0.8	1	1809 140
50	1874	0.8	1	1705 169
51	1834	0.8	1	1686 148
52	2009	0.8	1	1818 191
53	1600	0.8	1	1482 118
54	2559	0.8	1	2404 155
55	630	0.8	1	537 93
56	1213	0.8	1	1118 95
57	3106	0.8	1	2929 177
58	1501	0.8	1	1411 90
59	772	0.8	1	689 83
60	1428	0.8	1	1333 95
61	1244	0.8	1	1136 108
62	747	0.8	1	663 84
63	1020	0.8	1	927 93
64	1698	0.8	1	1604 94
65	822	0.8	1	751 71
66	762	0.8	1	684 78
67	638	0.8	1	574 64
68	932	0.8	1	859 73
69	419	0.8	1	350 69
70	374	0.8	1	265 109
71	1040	0.8	1	948 92
72	639	0.8	1	541 98
73	524	0.8	1	435 89
74	556	0.8	1	473 83
75	8168	0.8	1	7801 367
76	1866	0.8	1	1763 103
77	762	0.8	1	663 99
78	414	0.8	1	339 75
79	394	0.8	1	301 93
80	599	0.8	1	529 70
81	1102	0.8	1	1010 92
82	1101	0.8	1	1029 72
83	1797	0.8	1	1734 63
84	1373	0.8	1	1297 76
85	1421	0.8	1	1342 79
86	1169	0.8	1	1095 74
87	971	0.8	1	887 84
88	777	0.8	1	711 66
89	837	0.8	1	768 69
90	1127	0.8	1	1053 74
91	1263	0.8	1	1200 63
92	928	0.8	1	831 97
93	694	0.8	1	613 81
94	775	0.8	1	689 86
95	1161	0.8	1	1101 60
96	813	0.8	1	746 67
97	580	0.8	1	502 78
98	529	0.8	1	457 72
99	554	0.8	1	489 65
100	509	0.8	1	422 87
101	531	0.8	1	469 62
102	560	0.8	1	479 81
103	465	0.8	1	395 70
104	309	0.8	1	246 63
105	356	0.8	1	298 58
106	368	0.8	1	313 55
107	371	0.8	1	314 57
108	426	0.8	1	361 65
109	496	0.8	1	417 79
110	575	0.8	1	514 61
111	685	0.8	1	609 76
112	895	0.8	1	819 76
113	1123	0.8	1	1048 75
114	1193	0.8	1	1115 78
115	1271	0.8	1	1183 88
116	1031	0.8	1	940 91
117	2636	0.8	1	2500 136
118	1981	0.8	1	1914 67
119	2616	0.8	1	2524 92
120	1597	0.8	1	1544 53
121	1397	0.8	1	1312 85
122	1299	0.8	1	1187 112
123	1101	0.8	1	1029 72
124	1484	0.8	1	1366 118
125	3760	0.8	1	3201 559
126	4760	0.8	1	4207 553
127	1720	0.8	1	1600 120
128	3686	0.8	1	3477 209
129	2660	0.8	1	2424 236
130	506139	0.8	1	485604 20535
131	12125	0.8	1	11477 648
132	13148	0.8	1	12588 560
133	5031	0.8	1	4732 299
134	20803	0.8	1	19872 931
135	8927	0.8	1	8610 317
136	13510	0.8	1	13112 398
137	15642	0.8	1	14958 684
138	21239	0.8	1	20402 837
139	29363	0.8	1	28656 707
140	23897	0.8	1	23029 868
141	52013	0.8	1	50708 1305
142	31251	0.8	1	24832 6419
143	93804	0.8	1	92583 1221
144	173035	0.8	1	172448 587
145	122629	0.8	1	122084 545
146	71771	0.8	1	71306 465
147	72676	0.8	1	72231 445
148	69393	0.8	1	69021 372
149	16575	0.8	1	14753 1822
150	382392	0.8	1	66126 316266

RUN STATISTICS FOR INPUT FILE: /mnt/xomics/remcovc/raw_data_recognition_2020-03/umi_extracted/012_GACGATCT-ATGCACGA_L004_R1.processed.fastq.gz
=============================================
52971273 sequences processed in total

