
SUMMARISING RUN PARAMETERS
==========================
Input filename: /mnt/xomics/remcovc/raw_data_recognition_2020-03/umi_extracted/013_AACTGAGC-CCTGATTG_L003_R1.processed.fastq.gz
Trimming mode: paired-end
Trim Galore version: 0.6.6
Cutadapt version: 3.4
Number of cores used for trimming: 1
Quality Phred score cutoff: 20
Quality encoding type selected: ASCII+33
Using Illumina adapter for trimming (count: 6769). Second best hit was smallRNA (count: 6)
Adapter sequence: 'AGATCGGAAGAGC' (Illumina TruSeq, Sanger iPCR; auto-detected)
Maximum trimming error rate: 0.1 (default)
Minimum required adapter overlap (stringency): 1 bp
Minimum required sequence length for both reads before a sequence pair gets removed: 20 bp
Running FastQC on the data once trimming has completed
Output file will be GZIP compressed


This is cutadapt 3.4 with Python 3.8.5
Command line parameters: -j 1 -e 0.1 -q 20 -O 1 -a AGATCGGAAGAGC /mnt/xomics/remcovc/raw_data_recognition_2020-03/umi_extracted/013_AACTGAGC-CCTGATTG_L003_R1.processed.fastq.gz
Processing reads on 1 core in single-end mode ...
Finished in 1358.12 s (30 µs/read; 1.97 M reads/minute).

=== Summary ===

Total reads processed:              44,531,952
Reads with adapters:                15,335,962 (34.4%)
Reads written (passing filters):    44,531,952 (100.0%)

Total basepairs processed: 6,679,792,800 bp
Quality-trimmed:              10,648,966 bp (0.2%)
Total written (filtered):  6,590,906,937 bp (98.7%)

=== Adapter 1 ===

Sequence: AGATCGGAAGAGC; Type: regular 3'; Length: 13; Trimmed: 15335962 times

No. of allowed errors:
1-9 bp: 0; 10-13 bp: 1

Bases preceding removed adapters:
  A: 30.6%
  C: 31.0%
  G: 24.7%
  T: 13.7%
  none/other: 0.0%

Overview of removed sequences
length	count	expect	max.err	error counts
1	10282955	11132988.0	0	10282955
2	3311976	2783247.0	0	3311976
3	990549	695811.8	0	990549
4	205280	173952.9	0	205280
5	52131	43488.2	0	52131
6	9812	10872.1	0	9812
7	6815	2718.0	0	6815
8	4181	679.5	0	4181
9	4504	169.9	0	3411 1093
10	4948	42.5	1	3160 1788
11	4114	10.6	1	3052 1062
12	3307	2.7	1	2971 336
13	2846	0.7	1	2656 190
14	3024	0.7	1	2786 238
15	2876	0.7	1	2700 176
16	2518	0.7	1	2350 168
17	2604	0.7	1	2385 219
18	2575	0.7	1	2399 176
19	1826	0.7	1	1721 105
20	2150	0.7	1	2012 138
21	2039	0.7	1	1884 155
22	1876	0.7	1	1715 161
23	1897	0.7	1	1758 139
24	1917	0.7	1	1733 184
25	1836	0.7	1	1696 140
26	1352	0.7	1	1252 100
27	1667	0.7	1	1493 174
28	1435	0.7	1	1317 118
29	1433	0.7	1	1302 131
30	1435	0.7	1	1324 111
31	1056	0.7	1	951 105
32	1241	0.7	1	1102 139
33	1045	0.7	1	906 139
34	1015	0.7	1	933 82
35	1031	0.7	1	930 101
36	976	0.7	1	879 97
37	956	0.7	1	820 136
38	814	0.7	1	732 82
39	788	0.7	1	722 66
40	784	0.7	1	673 111
41	773	0.7	1	700 73
42	765	0.7	1	654 111
43	708	0.7	1	618 90
44	670	0.7	1	566 104
45	725	0.7	1	612 113
46	695	0.7	1	546 149
47	645	0.7	1	527 118
48	574	0.7	1	490 84
49	567	0.7	1	465 102
50	536	0.7	1	441 95
51	588	0.7	1	490 98
52	664	0.7	1	495 169
53	442	0.7	1	358 84
54	737	0.7	1	637 100
55	224	0.7	1	159 65
56	333	0.7	1	278 55
57	871	0.7	1	754 117
58	518	0.7	1	378 140
59	295	0.7	1	217 78
60	469	0.7	1	385 84
61	423	0.7	1	312 111
62	221	0.7	1	166 55
63	318	0.7	1	247 71
64	546	0.7	1	420 126
65	296	0.7	1	213 83
66	312	0.7	1	231 81
67	255	0.7	1	186 69
68	363	0.7	1	274 89
69	163	0.7	1	128 35
70	179	0.7	1	97 82
71	376	0.7	1	311 65
72	293	0.7	1	193 100
73	197	0.7	1	141 56
74	181	0.7	1	145 36
75	2336	0.7	1	2095 241
76	491	0.7	1	380 111
77	189	0.7	1	149 40
78	177	0.7	1	104 73
79	143	0.7	1	101 42
80	159	0.7	1	81 78
81	206	0.7	1	124 82
82	200	0.7	1	136 64
83	322	0.7	1	242 80
84	226	0.7	1	188 38
85	354	0.7	1	311 43
86	257	0.7	1	198 59
87	218	0.7	1	153 65
88	179	0.7	1	129 50
89	235	0.7	1	158 77
90	267	0.7	1	173 94
91	272	0.7	1	215 57
92	190	0.7	1	144 46
93	243	0.7	1	128 115
94	215	0.7	1	128 87
95	274	0.7	1	218 56
96	187	0.7	1	139 48
97	148	0.7	1	107 41
98	145	0.7	1	91 54
99	110	0.7	1	89 21
100	159	0.7	1	98 61
101	113	0.7	1	70 43
102	146	0.7	1	82 64
103	127	0.7	1	57 70
104	133	0.7	1	78 55
105	143	0.7	1	95 48
106	107	0.7	1	79 28
107	109	0.7	1	81 28
108	145	0.7	1	81 64
109	156	0.7	1	110 46
110	172	0.7	1	122 50
111	161	0.7	1	99 62
112	257	0.7	1	170 87
113	231	0.7	1	194 37
114	230	0.7	1	201 29
115	303	0.7	1	242 61
116	196	0.7	1	171 25
117	202	0.7	1	167 35
118	398	0.7	1	343 55
119	400	0.7	1	347 53
120	278	0.7	1	219 59
121	275	0.7	1	224 51
122	251	0.7	1	222 29
123	258	0.7	1	201 57
124	230	0.7	1	190 40
125	370	0.7	1	314 56
126	776	0.7	1	648 128
127	304	0.7	1	245 59
128	1146	0.7	1	1078 68
129	664	0.7	1	603 61
130	116343	0.7	1	110813 5530
131	2656	0.7	1	2499 157
132	2169	0.7	1	2043 126
133	610	0.7	1	504 106
134	1231	0.7	1	1132 99
135	859	0.7	1	795 64
136	1205	0.7	1	1167 38
137	1575	0.7	1	1505 70
138	2289	0.7	1	2202 87
139	3142	0.7	1	3018 124
140	3186	0.7	1	3044 142
141	4085	0.7	1	3869 216
142	5451	0.7	1	1827 3624
143	8064	0.7	1	7811 253
144	24448	0.7	1	24321 127
145	24981	0.7	1	24861 120
146	7783	0.7	1	7656 127
147	8410	0.7	1	8316 94
148	13915	0.7	1	13788 127
149	3069	0.7	1	2508 561
150	140802	0.7	1	10795 130007

RUN STATISTICS FOR INPUT FILE: /mnt/xomics/remcovc/raw_data_recognition_2020-03/umi_extracted/013_AACTGAGC-CCTGATTG_L003_R1.processed.fastq.gz
=============================================
44531952 sequences processed in total

