
SUMMARISING RUN PARAMETERS
==========================
Input filename: /mnt/xomics/remcovc/raw_data_recognition_2020-03/umi_extracted/014_GTGCCATA-ACTAGGAG_L003_R1.processed.fastq.gz
Trimming mode: paired-end
Trim Galore version: 0.6.6
Cutadapt version: 3.4
Number of cores used for trimming: 1
Quality Phred score cutoff: 20
Quality encoding type selected: ASCII+33
Using Illumina adapter for trimming (count: 14844). Second best hit was smallRNA (count: 9)
Adapter sequence: 'AGATCGGAAGAGC' (Illumina TruSeq, Sanger iPCR; auto-detected)
Maximum trimming error rate: 0.1 (default)
Minimum required adapter overlap (stringency): 1 bp
Minimum required sequence length for both reads before a sequence pair gets removed: 20 bp
Running FastQC on the data once trimming has completed
Output file will be GZIP compressed


This is cutadapt 3.4 with Python 3.8.5
Command line parameters: -j 1 -e 0.1 -q 20 -O 1 -a AGATCGGAAGAGC /mnt/xomics/remcovc/raw_data_recognition_2020-03/umi_extracted/014_GTGCCATA-ACTAGGAG_L003_R1.processed.fastq.gz
Processing reads on 1 core in single-end mode ...
Finished in 1117.74 s (32 µs/read; 1.86 M reads/minute).

=== Summary ===

Total reads processed:              34,624,438
Reads with adapters:                11,966,400 (34.6%)
Reads written (passing filters):    34,624,438 (100.0%)

Total basepairs processed: 5,193,665,700 bp
Quality-trimmed:               8,137,013 bp (0.2%)
Total written (filtered):  5,091,781,224 bp (98.0%)

=== Adapter 1 ===

Sequence: AGATCGGAAGAGC; Type: regular 3'; Length: 13; Trimmed: 11966400 times

No. of allowed errors:
1-9 bp: 0; 10-13 bp: 1

Bases preceding removed adapters:
  A: 29.4%
  C: 31.5%
  G: 25.7%
  T: 13.4%
  none/other: 0.0%

Overview of removed sequences
length	count	expect	max.err	error counts
1	7799581	8656109.5	0	7799581
2	2549079	2164027.4	0	2549079
3	760046	541006.8	0	760046
4	158973	135251.7	0	158973
5	41558	33812.9	0	41558
6	9153	8453.2	0	9153
7	6284	2113.3	0	6284
8	4619	528.3	0	4619
9	4990	132.1	0	4009 981
10	5020	33.0	1	3678 1342
11	4512	8.3	1	3746 766
12	3815	2.1	1	3556 259
13	3521	0.5	1	3363 158
14	3509	0.5	1	3309 200
15	3514	0.5	1	3332 182
16	3149	0.5	1	2969 180
17	3412	0.5	1	3201 211
18	3311	0.5	1	3134 177
19	2375	0.5	1	2264 111
20	2760	0.5	1	2639 121
21	2661	0.5	1	2527 134
22	2598	0.5	1	2463 135
23	2594	0.5	1	2444 150
24	2576	0.5	1	2397 179
25	2445	0.5	1	2284 161
26	1933	0.5	1	1842 91
27	2222	0.5	1	2085 137
28	2289	0.5	1	2148 141
29	1936	0.5	1	1796 140
30	2072	0.5	1	1940 132
31	1548	0.5	1	1450 98
32	1932	0.5	1	1770 162
33	1588	0.5	1	1479 109
34	1833	0.5	1	1685 148
35	1571	0.5	1	1480 91
36	1434	0.5	1	1350 84
37	1410	0.5	1	1315 95
38	1416	0.5	1	1299 117
39	1418	0.5	1	1286 132
40	1280	0.5	1	1169 111
41	1087	0.5	1	983 104
42	1179	0.5	1	1086 93
43	1163	0.5	1	1062 101
44	1145	0.5	1	1050 95
45	993	0.5	1	873 120
46	919	0.5	1	800 119
47	966	0.5	1	858 108
48	888	0.5	1	814 74
49	882	0.5	1	774 108
50	890	0.5	1	770 120
51	888	0.5	1	785 103
52	917	0.5	1	800 117
53	729	0.5	1	648 81
54	1160	0.5	1	1053 107
55	305	0.5	1	240 65
56	591	0.5	1	526 65
57	1315	0.5	1	1214 101
58	627	0.5	1	547 80
59	399	0.5	1	329 70
60	637	0.5	1	561 76
61	531	0.5	1	452 79
62	356	0.5	1	309 47
63	520	0.5	1	449 71
64	688	0.5	1	606 82
65	325	0.5	1	273 52
66	371	0.5	1	314 57
67	302	0.5	1	250 52
68	382	0.5	1	331 51
69	185	0.5	1	132 53
70	173	0.5	1	111 62
71	372	0.5	1	326 46
72	314	0.5	1	236 78
73	204	0.5	1	168 36
74	251	0.5	1	205 46
75	2408	0.5	1	2283 125
76	532	0.5	1	488 44
77	316	0.5	1	263 53
78	144	0.5	1	108 36
79	159	0.5	1	112 47
80	213	0.5	1	157 56
81	268	0.5	1	207 61
82	243	0.5	1	209 34
83	352	0.5	1	295 57
84	326	0.5	1	278 48
85	420	0.5	1	366 54
86	292	0.5	1	255 37
87	324	0.5	1	239 85
88	301	0.5	1	262 39
89	286	0.5	1	241 45
90	307	0.5	1	253 54
91	272	0.5	1	224 48
92	308	0.5	1	257 51
93	292	0.5	1	223 69
94	245	0.5	1	197 48
95	263	0.5	1	214 49
96	245	0.5	1	190 55
97	201	0.5	1	159 42
98	172	0.5	1	132 40
99	164	0.5	1	114 50
100	146	0.5	1	105 41
101	192	0.5	1	139 53
102	158	0.5	1	122 36
103	174	0.5	1	120 54
104	116	0.5	1	83 33
105	157	0.5	1	110 47
106	140	0.5	1	93 47
107	152	0.5	1	109 43
108	149	0.5	1	90 59
109	145	0.5	1	104 41
110	168	0.5	1	118 50
111	177	0.5	1	136 41
112	230	0.5	1	172 58
113	261	0.5	1	217 44
114	279	0.5	1	236 43
115	265	0.5	1	211 54
116	254	0.5	1	214 40
117	275	0.5	1	250 25
118	447	0.5	1	390 57
119	454	0.5	1	412 42
120	358	0.5	1	325 33
121	316	0.5	1	268 48
122	329	0.5	1	272 57
123	627	0.5	1	490 137
124	1328	0.5	1	1076 252
125	2450	0.5	1	1985 465
126	2589	0.5	1	2220 369
127	428	0.5	1	387 41
128	1367	0.5	1	1269 98
129	680	0.5	1	590 90
130	148588	0.5	1	142596 5992
131	3830	0.5	1	3618 212
132	3145	0.5	1	2997 148
133	1034	0.5	1	955 79
134	3525	0.5	1	3360 165
135	1901	0.5	1	1828 73
136	2593	0.5	1	2510 83
137	2765	0.5	1	2639 126
138	4181	0.5	1	3986 195
139	3968	0.5	1	3806 162
140	3693	0.5	1	3510 183
141	5384	0.5	1	5154 230
142	4397	0.5	1	3085 1312
143	17614	0.5	1	17210 404
144	29480	0.5	1	29245 235
145	37999	0.5	1	37758 241
146	11743	0.5	1	11599 144
147	11703	0.5	1	11487 216
148	16565	0.5	1	16358 207
149	2905	0.5	1	2342 563
150	190932	0.5	1	11409 179523

RUN STATISTICS FOR INPUT FILE: /mnt/xomics/remcovc/raw_data_recognition_2020-03/umi_extracted/014_GTGCCATA-ACTAGGAG_L003_R1.processed.fastq.gz
=============================================
34624438 sequences processed in total

