
SUMMARISING RUN PARAMETERS
==========================
Input filename: /mnt/xomics/remcovc/raw_data_recognition_2020-03/umi_extracted/015_AAGCACTG-GTTGACCT_L004_R1.processed.fastq.gz
Trimming mode: paired-end
Trim Galore version: 0.6.6
Cutadapt version: 3.4
Number of cores used for trimming: 1
Quality Phred score cutoff: 20
Quality encoding type selected: ASCII+33
Using Illumina adapter for trimming (count: 2954). Second best hit was smallRNA (count: 4)
Adapter sequence: 'AGATCGGAAGAGC' (Illumina TruSeq, Sanger iPCR; auto-detected)
Maximum trimming error rate: 0.1 (default)
Minimum required adapter overlap (stringency): 1 bp
Minimum required sequence length for both reads before a sequence pair gets removed: 20 bp
Running FastQC on the data once trimming has completed
Output file will be GZIP compressed


This is cutadapt 3.4 with Python 3.8.5
Command line parameters: -j 1 -e 0.1 -q 20 -O 1 -a AGATCGGAAGAGC /mnt/xomics/remcovc/raw_data_recognition_2020-03/umi_extracted/015_AAGCACTG-GTTGACCT_L004_R1.processed.fastq.gz
Processing reads on 1 core in single-end mode ...
Finished in 1787.83 s (33 µs/read; 1.85 M reads/minute).

=== Summary ===

Total reads processed:              54,977,615
Reads with adapters:                18,601,691 (33.8%)
Reads written (passing filters):    54,977,615 (100.0%)

Total basepairs processed: 8,246,642,250 bp
Quality-trimmed:              12,570,957 bp (0.2%)
Total written (filtered):  8,164,273,217 bp (99.0%)

=== Adapter 1 ===

Sequence: AGATCGGAAGAGC; Type: regular 3'; Length: 13; Trimmed: 18601691 times

No. of allowed errors:
1-9 bp: 0; 10-13 bp: 1

Bases preceding removed adapters:
  A: 30.1%
  C: 32.2%
  G: 23.8%
  T: 13.2%
  none/other: 0.8%

Overview of removed sequences
length	count	expect	max.err	error counts
1	12553845	13744403.8	0	12553845
2	4106712	3436100.9	0	4106712
3	1231048	859025.2	0	1231048
4	256002	214756.3	0	256002
5	64337	53689.1	0	64337
6	11190	13422.3	0	11190
7	6900	3355.6	0	6900
8	3648	838.9	0	3648
9	4578	209.7	0	2964 1614
10	4844	52.4	1	2733 2111
11	3916	13.1	1	2701 1215
12	2961	3.3	1	2587 374
13	2738	0.8	1	2545 193
14	2572	0.8	1	2369 203
15	2600	0.8	1	2444 156
16	2410	0.8	1	2252 158
17	2538	0.8	1	2331 207
18	2494	0.8	1	2338 156
19	1753	0.8	1	1631 122
20	2125	0.8	1	1986 139
21	1994	0.8	1	1832 162
22	1861	0.8	1	1687 174
23	1966	0.8	1	1820 146
24	1902	0.8	1	1721 181
25	1960	0.8	1	1779 181
26	1431	0.8	1	1307 124
27	1681	0.8	1	1523 158
28	1555	0.8	1	1424 131
29	1550	0.8	1	1439 111
30	1564	0.8	1	1443 121
31	1101	0.8	1	988 113
32	1450	0.8	1	1282 168
33	1243	0.8	1	1063 180
34	1233	0.8	1	1096 137
35	1186	0.8	1	1072 114
36	1176	0.8	1	1061 115
37	886	0.8	1	782 104
38	1173	0.8	1	1021 152
39	939	0.8	1	820 119
40	1058	0.8	1	925 133
41	865	0.8	1	743 122
42	817	0.8	1	737 80
43	915	0.8	1	784 131
44	826	0.8	1	742 84
45	812	0.8	1	678 134
46	773	0.8	1	647 126
47	796	0.8	1	652 144
48	700	0.8	1	601 99
49	747	0.8	1	620 127
50	684	0.8	1	557 127
51	711	0.8	1	565 146
52	795	0.8	1	635 160
53	543	0.8	1	451 92
54	951	0.8	1	825 126
55	234	0.8	1	176 58
56	450	0.8	1	370 80
57	1205	0.8	1	1056 149
58	628	0.8	1	492 136
59	313	0.8	1	243 70
60	499	0.8	1	430 69
61	410	0.8	1	291 119
62	286	0.8	1	198 88
63	410	0.8	1	341 69
64	544	0.8	1	476 68
65	262	0.8	1	189 73
66	311	0.8	1	227 84
67	233	0.8	1	163 70
68	304	0.8	1	236 68
69	161	0.8	1	98 63
70	160	0.8	1	87 73
71	337	0.8	1	244 93
72	241	0.8	1	159 82
73	175	0.8	1	93 82
74	169	0.8	1	118 51
75	856	0.8	1	714 142
76	205	0.8	1	134 71
77	235	0.8	1	140 95
78	137	0.8	1	76 61
79	131	0.8	1	50 81
80	130	0.8	1	49 81
81	177	0.8	1	93 84
82	172	0.8	1	113 59
83	248	0.8	1	197 51
84	248	0.8	1	179 69
85	268	0.8	1	213 55
86	251	0.8	1	166 85
87	263	0.8	1	153 110
88	230	0.8	1	118 112
89	211	0.8	1	137 74
90	221	0.8	1	142 79
91	236	0.8	1	153 83
92	237	0.8	1	136 101
93	209	0.8	1	134 75
94	242	0.8	1	128 114
95	222	0.8	1	147 75
96	170	0.8	1	105 65
97	162	0.8	1	104 58
98	187	0.8	1	91 96
99	159	0.8	1	93 66
100	144	0.8	1	76 68
101	142	0.8	1	77 65
102	136	0.8	1	79 57
103	170	0.8	1	79 91
104	161	0.8	1	66 95
105	99	0.8	1	48 51
106	131	0.8	1	72 59
107	152	0.8	1	86 66
108	149	0.8	1	71 78
109	152	0.8	1	82 70
110	144	0.8	1	97 47
111	126	0.8	1	82 44
112	136	0.8	1	78 58
113	140	0.8	1	97 43
114	150	0.8	1	99 51
115	167	0.8	1	101 66
116	142	0.8	1	89 53
117	145	0.8	1	96 49
118	183	0.8	1	126 57
119	226	0.8	1	160 66
120	189	0.8	1	125 64
121	169	0.8	1	105 64
122	148	0.8	1	94 54
123	166	0.8	1	90 76
124	154	0.8	1	96 58
125	142	0.8	1	93 49
126	170	0.8	1	123 47
127	139	0.8	1	88 51
128	188	0.8	1	117 71
129	159	0.8	1	111 48
130	21046	0.8	1	19969 1077
131	586	0.8	1	509 77
132	563	0.8	1	477 86
133	206	0.8	1	144 62
134	416	0.8	1	341 75
135	386	0.8	1	283 103
136	489	0.8	1	438 51
137	659	0.8	1	586 73
138	1157	0.8	1	1072 85
139	1042	0.8	1	979 63
140	1123	0.8	1	1046 77
141	1646	0.8	1	1524 122
142	1162	0.8	1	606 556
143	3002	0.8	1	2866 136
144	8489	0.8	1	8393 96
145	13104	0.8	1	13000 104
146	4120	0.8	1	4045 75
147	3237	0.8	1	3078 159
148	6942	0.8	1	6837 105
149	2187	0.8	1	1671 516
150	203316	0.8	1	4945 198371

RUN STATISTICS FOR INPUT FILE: /mnt/xomics/remcovc/raw_data_recognition_2020-03/umi_extracted/015_AAGCACTG-GTTGACCT_L004_R1.processed.fastq.gz
=============================================
54977615 sequences processed in total

