
SUMMARISING RUN PARAMETERS
==========================
Input filename: /mnt/xomics/remcovc/raw_data_recognition_2020-03/umi_extracted/017_GATTACCG-CAGTCCAA_L004_R1.processed.fastq.gz
Trimming mode: paired-end
Trim Galore version: 0.6.6
Cutadapt version: 3.4
Number of cores used for trimming: 1
Quality Phred score cutoff: 20
Quality encoding type selected: ASCII+33
Using Illumina adapter for trimming (count: 21326). Second best hit was smallRNA (count: 5)
Adapter sequence: 'AGATCGGAAGAGC' (Illumina TruSeq, Sanger iPCR; auto-detected)
Maximum trimming error rate: 0.1 (default)
Minimum required adapter overlap (stringency): 1 bp
Minimum required sequence length for both reads before a sequence pair gets removed: 20 bp
Running FastQC on the data once trimming has completed
Output file will be GZIP compressed


This is cutadapt 3.4 with Python 3.8.5
Command line parameters: -j 1 -e 0.1 -q 20 -O 1 -a AGATCGGAAGAGC /mnt/xomics/remcovc/raw_data_recognition_2020-03/umi_extracted/017_GATTACCG-CAGTCCAA_L004_R1.processed.fastq.gz
Processing reads on 1 core in single-end mode ...
Finished in 952.31 s (25 µs/read; 2.42 M reads/minute).

=== Summary ===

Total reads processed:              38,400,558
Reads with adapters:                14,277,665 (37.2%)
Reads written (passing filters):    38,400,558 (100.0%)

Total basepairs processed: 5,760,083,700 bp
Quality-trimmed:               9,763,232 bp (0.2%)
Total written (filtered):  5,584,543,967 bp (97.0%)

=== Adapter 1 ===

Sequence: AGATCGGAAGAGC; Type: regular 3'; Length: 13; Trimmed: 14277665 times

No. of allowed errors:
1-9 bp: 0; 10-13 bp: 1

Bases preceding removed adapters:
  A: 30.9%
  C: 30.1%
  G: 25.8%
  T: 13.0%
  none/other: 0.2%

Overview of removed sequences
length	count	expect	max.err	error counts
1	8765389	9600139.5	0	8765389
2	2793389	2400034.9	0	2793389
3	887697	600008.7	0	887697
4	203064	150002.2	0	203064
5	70091	37500.5	0	70091
6	35051	9375.1	0	35051
7	31588	2343.8	0	31588
8	28388	585.9	0	28388
9	27433	146.5	0	26462 971
10	26220	36.6	1	24110 2110
11	25091	9.2	1	23464 1627
12	24107	2.3	1	23177 930
13	22042	0.6	1	21322 720
14	21844	0.6	1	20966 878
15	20805	0.6	1	20126 679
16	19536	0.6	1	18716 820
17	20489	0.6	1	19497 992
18	20430	0.6	1	19744 686
19	14974	0.6	1	14449 525
20	16403	0.6	1	15930 473
21	16396	0.6	1	15788 608
22	14579	0.6	1	14126 453
23	14518	0.6	1	13947 571
24	14862	0.6	1	14121 741
25	13322	0.6	1	12854 468
26	10560	0.6	1	10242 318
27	11682	0.6	1	11205 477
28	11101	0.6	1	10651 450
29	10975	0.6	1	10439 536
30	10931	0.6	1	10603 328
31	8425	0.6	1	8096 329
32	9151	0.6	1	8866 285
33	8378	0.6	1	8033 345
34	8596	0.6	1	8215 381
35	7198	0.6	1	7020 178
36	7311	0.6	1	7023 288
37	6907	0.6	1	6626 281
38	6104	0.6	1	5909 195
39	5980	0.6	1	5692 288
40	5418	0.6	1	5253 165
41	5580	0.6	1	5329 251
42	4714	0.6	1	4547 167
43	4633	0.6	1	4464 169
44	4432	0.6	1	4286 146
45	4158	0.6	1	3969 189
46	3754	0.6	1	3577 177
47	3557	0.6	1	3387 170
48	3112	0.6	1	2994 118
49	3019	0.6	1	2845 174
50	2834	0.6	1	2670 164
51	2638	0.6	1	2532 106
52	2997	0.6	1	2776 221
53	2217	0.6	1	2076 141
54	3432	0.6	1	3341 91
55	667	0.6	1	591 76
56	1530	0.6	1	1469 61
57	3537	0.6	1	3396 141
58	1750	0.6	1	1677 73
59	854	0.6	1	792 62
60	1653	0.6	1	1572 81
61	1220	0.6	1	1164 56
62	799	0.6	1	742 57
63	1098	0.6	1	1037 61
64	1566	0.6	1	1499 67
65	699	0.6	1	639 60
66	672	0.6	1	632 40
67	598	0.6	1	549 49
68	800	0.6	1	767 33
69	328	0.6	1	291 37
70	244	0.6	1	202 42
71	867	0.6	1	793 74
72	535	0.6	1	468 67
73	442	0.6	1	359 83
74	466	0.6	1	408 58
75	8311	0.6	1	7677 634
76	1310	0.6	1	1255 55
77	436	0.6	1	397 39
78	248	0.6	1	203 45
79	209	0.6	1	151 58
80	447	0.6	1	361 86
81	361	0.6	1	300 61
82	380	0.6	1	336 44
83	514	0.6	1	484 30
84	460	0.6	1	425 35
85	429	0.6	1	401 28
86	416	0.6	1	373 43
87	311	0.6	1	274 37
88	377	0.6	1	361 16
89	308	0.6	1	264 44
90	583	0.6	1	537 46
91	381	0.6	1	328 53
92	355	0.6	1	322 33
93	243	0.6	1	196 47
94	324	0.6	1	277 47
95	345	0.6	1	314 31
96	320	0.6	1	284 36
97	236	0.6	1	191 45
98	199	0.6	1	170 29
99	157	0.6	1	122 35
100	166	0.6	1	135 31
101	100	0.6	1	73 27
102	190	0.6	1	152 38
103	124	0.6	1	86 38
104	117	0.6	1	79 38
105	111	0.6	1	92 19
106	132	0.6	1	103 29
107	118	0.6	1	99 19
108	125	0.6	1	111 14
109	159	0.6	1	121 38
110	149	0.6	1	128 21
111	195	0.6	1	159 36
112	214	0.6	1	181 33
113	260	0.6	1	230 30
114	284	0.6	1	265 19
115	353	0.6	1	307 46
116	223	0.6	1	190 33
117	237	0.6	1	202 35
118	567	0.6	1	514 53
119	614	0.6	1	580 34
120	338	0.6	1	300 38
121	1144	0.6	1	971 173
122	403	0.6	1	348 55
123	269	0.6	1	239 30
124	277	0.6	1	228 49
125	454	0.6	1	396 58
126	716	0.6	1	625 91
127	372	0.6	1	324 48
128	742	0.6	1	676 66
129	635	0.6	1	546 89
130	150870	0.6	1	144018 6852
131	2198	0.6	1	2051 147
132	1568	0.6	1	1473 95
133	547	0.6	1	499 48
134	1252	0.6	1	1153 99
135	983	0.6	1	908 75
136	1120	0.6	1	1063 57
137	1374	0.6	1	1291 83
138	2171	0.6	1	2056 115
139	3596	0.6	1	3474 122
140	3571	0.6	1	3372 199
141	8525	0.6	1	8144 381
142	10584	0.6	1	6704 3880
143	19954	0.6	1	19533 421
144	42551	0.6	1	42361 190
145	23745	0.6	1	23570 175
146	14059	0.6	1	13957 102
147	13230	0.6	1	13054 176
148	17196	0.6	1	17054 142
149	5853	0.6	1	4236 1617
150	577443	0.6	1	16238 561205

RUN STATISTICS FOR INPUT FILE: /mnt/xomics/remcovc/raw_data_recognition_2020-03/umi_extracted/017_GATTACCG-CAGTCCAA_L004_R1.processed.fastq.gz
=============================================
38400558 sequences processed in total

