
SUMMARISING RUN PARAMETERS
==========================
Input filename: /mnt/xomics/remcovc/raw_data_recognition_2020-03/umi_extracted/018_GTTGTTCG-GAAGTTGG_L003_R1.processed.fastq.gz
Trimming mode: paired-end
Trim Galore version: 0.6.6
Cutadapt version: 3.4
Number of cores used for trimming: 1
Quality Phred score cutoff: 20
Quality encoding type selected: ASCII+33
Using Illumina adapter for trimming (count: 15856). Second best hit was smallRNA (count: 5)
Adapter sequence: 'AGATCGGAAGAGC' (Illumina TruSeq, Sanger iPCR; auto-detected)
Maximum trimming error rate: 0.1 (default)
Minimum required adapter overlap (stringency): 1 bp
Minimum required sequence length for both reads before a sequence pair gets removed: 20 bp
Running FastQC on the data once trimming has completed
Output file will be GZIP compressed


This is cutadapt 3.4 with Python 3.8.5
Command line parameters: -j 1 -e 0.1 -q 20 -O 1 -a AGATCGGAAGAGC /mnt/xomics/remcovc/raw_data_recognition_2020-03/umi_extracted/018_GTTGTTCG-GAAGTTGG_L003_R1.processed.fastq.gz
Processing reads on 1 core in single-end mode ...
Finished in 964.29 s (30 µs/read; 1.98 M reads/minute).

=== Summary ===

Total reads processed:              31,746,020
Reads with adapters:                11,214,749 (35.3%)
Reads written (passing filters):    31,746,020 (100.0%)

Total basepairs processed: 4,761,903,000 bp
Quality-trimmed:               7,691,709 bp (0.2%)
Total written (filtered):  4,631,141,444 bp (97.3%)

=== Adapter 1 ===

Sequence: AGATCGGAAGAGC; Type: regular 3'; Length: 13; Trimmed: 11214749 times

No. of allowed errors:
1-9 bp: 0; 10-13 bp: 1

Bases preceding removed adapters:
  A: 29.7%
  C: 31.8%
  G: 25.7%
  T: 12.9%
  none/other: 0.0%

Overview of removed sequences
length	count	expect	max.err	error counts
1	7101327	7936505.0	0	7101327
2	2341543	1984126.2	0	2341543
3	704036	496031.6	0	704036
4	149262	124007.9	0	149262
5	40226	31002.0	0	40226
6	9943	7750.5	0	9943
7	7241	1937.6	0	7241
8	5277	484.4	0	5277
9	5575	121.1	0	4696 879
10	5792	30.3	1	4460 1332
11	5205	7.6	1	4351 854
12	4635	1.9	1	4320 315
13	4243	0.5	1	4059 184
14	4168	0.5	1	3997 171
15	4151	0.5	1	3971 180
16	3963	0.5	1	3760 203
17	4233	0.5	1	3987 246
18	4011	0.5	1	3864 147
19	3064	0.5	1	2947 117
20	3480	0.5	1	3304 176
21	3420	0.5	1	3243 177
22	3177	0.5	1	3039 138
23	3248	0.5	1	3078 170
24	3402	0.5	1	3177 225
25	3084	0.5	1	2905 179
26	2612	0.5	1	2498 114
27	2761	0.5	1	2619 142
28	2763	0.5	1	2594 169
29	2518	0.5	1	2368 150
30	2697	0.5	1	2551 146
31	2086	0.5	1	1986 100
32	2440	0.5	1	2287 153
33	2230	0.5	1	2080 150
34	2254	0.5	1	2095 159
35	2279	0.5	1	2157 122
36	1951	0.5	1	1851 100
37	1867	0.5	1	1755 112
38	1812	0.5	1	1716 96
39	1773	0.5	1	1652 121
40	1690	0.5	1	1587 103
41	1630	0.5	1	1508 122
42	1571	0.5	1	1465 106
43	1455	0.5	1	1359 96
44	1565	0.5	1	1447 118
45	1383	0.5	1	1276 107
46	1368	0.5	1	1242 126
47	1287	0.5	1	1189 98
48	1284	0.5	1	1187 97
49	1272	0.5	1	1160 112
50	1230	0.5	1	1120 110
51	1174	0.5	1	1082 92
52	1213	0.5	1	1086 127
53	988	0.5	1	911 77
54	1631	0.5	1	1538 93
55	393	0.5	1	331 62
56	709	0.5	1	635 74
57	1880	0.5	1	1783 97
58	1038	0.5	1	932 106
59	386	0.5	1	326 60
60	899	0.5	1	836 63
61	801	0.5	1	731 70
62	489	0.5	1	408 81
63	707	0.5	1	636 71
64	1037	0.5	1	964 73
65	575	0.5	1	505 70
66	527	0.5	1	480 47
67	522	0.5	1	455 67
68	727	0.5	1	666 61
69	291	0.5	1	233 58
70	266	0.5	1	207 59
71	733	0.5	1	656 77
72	461	0.5	1	386 75
73	475	0.5	1	386 89
74	401	0.5	1	330 71
75	7202	0.5	1	6743 459
76	1219	0.5	1	1152 67
77	437	0.5	1	392 45
78	235	0.5	1	187 48
79	223	0.5	1	165 58
80	441	0.5	1	354 87
81	508	0.5	1	441 67
82	479	0.5	1	439 40
83	768	0.5	1	728 40
84	730	0.5	1	689 41
85	613	0.5	1	559 54
86	565	0.5	1	494 71
87	527	0.5	1	446 81
88	441	0.5	1	362 79
89	392	0.5	1	360 32
90	456	0.5	1	407 49
91	569	0.5	1	496 73
92	508	0.5	1	462 46
93	323	0.5	1	263 60
94	360	0.5	1	296 64
95	518	0.5	1	468 50
96	416	0.5	1	373 43
97	254	0.5	1	213 41
98	227	0.5	1	181 46
99	199	0.5	1	150 49
100	166	0.5	1	122 44
101	160	0.5	1	116 44
102	140	0.5	1	96 44
103	136	0.5	1	97 39
104	117	0.5	1	72 45
105	134	0.5	1	88 46
106	176	0.5	1	135 41
107	164	0.5	1	137 27
108	189	0.5	1	149 40
109	168	0.5	1	128 40
110	224	0.5	1	169 55
111	231	0.5	1	193 38
112	305	0.5	1	249 56
113	359	0.5	1	330 29
114	381	0.5	1	342 39
115	486	0.5	1	440 46
116	309	0.5	1	270 39
117	317	0.5	1	275 42
118	804	0.5	1	760 44
119	787	0.5	1	716 71
120	476	0.5	1	425 51
121	522	0.5	1	457 65
122	452	0.5	1	374 78
123	327	0.5	1	268 59
124	308	0.5	1	266 42
125	611	0.5	1	530 81
126	682	0.5	1	607 75
127	403	0.5	1	369 34
128	629	0.5	1	577 52
129	497	0.5	1	437 60
130	47391	0.5	1	44590 2801
131	1580	0.5	1	1439 141
132	1228	0.5	1	1145 83
133	663	0.5	1	568 95
134	1372	0.5	1	1284 88
135	1054	0.5	1	949 105
136	1643	0.5	1	1563 80
137	1810	0.5	1	1696 114
138	2711	0.5	1	2495 216
139	4160	0.5	1	3892 268
140	3886	0.5	1	3674 212
141	8129	0.5	1	7560 569
142	12158	0.5	1	3839 8319
143	21909	0.5	1	20916 993
144	59555	0.5	1	59145 410
145	33683	0.5	1	33284 399
146	17465	0.5	1	17187 278
147	15013	0.5	1	14721 292
148	31890	0.5	1	31582 308
149	7638	0.5	1	6082 1556
150	416734	0.5	1	27993 388741

RUN STATISTICS FOR INPUT FILE: /mnt/xomics/remcovc/raw_data_recognition_2020-03/umi_extracted/018_GTTGTTCG-GAAGTTGG_L003_R1.processed.fastq.gz
=============================================
31746020 sequences processed in total

