
SUMMARISING RUN PARAMETERS
==========================
Input filename: /mnt/xomics/remcovc/raw_data_recognition_2020-03/umi_extracted/019_CGGTTGTT-CATACCAC_L003_R1.processed.fastq.gz
Trimming mode: paired-end
Trim Galore version: 0.6.6
Cutadapt version: 3.4
Number of cores used for trimming: 1
Quality Phred score cutoff: 20
Quality encoding type selected: ASCII+33
Using Illumina adapter for trimming (count: 11996). Second best hit was smallRNA (count: 8)
Adapter sequence: 'AGATCGGAAGAGC' (Illumina TruSeq, Sanger iPCR; auto-detected)
Maximum trimming error rate: 0.1 (default)
Minimum required adapter overlap (stringency): 1 bp
Minimum required sequence length for both reads before a sequence pair gets removed: 20 bp
Running FastQC on the data once trimming has completed
Output file will be GZIP compressed


This is cutadapt 3.4 with Python 3.8.5
Command line parameters: -j 1 -e 0.1 -q 20 -O 1 -a AGATCGGAAGAGC /mnt/xomics/remcovc/raw_data_recognition_2020-03/umi_extracted/019_CGGTTGTT-CATACCAC_L003_R1.processed.fastq.gz
Processing reads on 1 core in single-end mode ...
Finished in 1056.47 s (31 µs/read; 1.94 M reads/minute).

=== Summary ===

Total reads processed:              34,243,529
Reads with adapters:                11,932,225 (34.8%)
Reads written (passing filters):    34,243,529 (100.0%)

Total basepairs processed: 5,136,529,350 bp
Quality-trimmed:               8,544,894 bp (0.2%)
Total written (filtered):  5,045,973,833 bp (98.2%)

=== Adapter 1 ===

Sequence: AGATCGGAAGAGC; Type: regular 3'; Length: 13; Trimmed: 11932225 times

No. of allowed errors:
1-9 bp: 0; 10-13 bp: 1

Bases preceding removed adapters:
  A: 29.6%
  C: 32.4%
  G: 24.8%
  T: 13.2%
  none/other: 0.0%

Overview of removed sequences
length	count	expect	max.err	error counts
1	7748310	8560882.2	0	7748310
2	2512174	2140220.6	0	2512174
3	756164	535055.1	0	756164
4	168573	133763.8	0	168573
5	50024	33440.9	0	50024
6	18208	8360.2	0	18208
7	14602	2090.1	0	14602
8	13110	522.5	0	13110
9	12608	130.6	0	11603 1005
10	12218	32.7	1	10739 1479
11	11412	8.2	1	10421 991
12	10659	2.0	1	10123 536
13	9682	0.5	1	9318 364
14	9647	0.5	1	9231 416
15	9154	0.5	1	8817 337
16	8694	0.5	1	8310 384
17	8691	0.5	1	8264 427
18	8704	0.5	1	8404 300
19	6426	0.5	1	6175 251
20	7106	0.5	1	6855 251
21	6737	0.5	1	6436 301
22	6458	0.5	1	6222 236
23	6282	0.5	1	5995 287
24	6245	0.5	1	5936 309
25	5679	0.5	1	5422 257
26	4714	0.5	1	4506 208
27	5158	0.5	1	4952 206
28	4949	0.5	1	4686 263
29	4407	0.5	1	4169 238
30	4667	0.5	1	4505 162
31	3533	0.5	1	3368 165
32	4413	0.5	1	4194 219
33	3067	0.5	1	2895 172
34	3655	0.5	1	3482 173
35	3463	0.5	1	3303 160
36	3002	0.5	1	2874 128
37	2995	0.5	1	2837 158
38	2719	0.5	1	2593 126
39	2516	0.5	1	2380 136
40	2273	0.5	1	2153 120
41	2342	0.5	1	2213 129
42	2150	0.5	1	2036 114
43	2096	0.5	1	1973 123
44	2016	0.5	1	1906 110
45	1900	0.5	1	1784 116
46	1807	0.5	1	1667 140
47	1691	0.5	1	1560 131
48	1504	0.5	1	1402 102
49	1460	0.5	1	1360 100
50	1346	0.5	1	1241 105
51	1333	0.5	1	1221 112
52	1438	0.5	1	1307 131
53	1224	0.5	1	1151 73
54	1624	0.5	1	1523 101
55	450	0.5	1	401 49
56	812	0.5	1	755 57
57	2098	0.5	1	1999 99
58	1067	0.5	1	989 78
59	495	0.5	1	431 64
60	941	0.5	1	878 63
61	733	0.5	1	649 84
62	476	0.5	1	427 49
63	625	0.5	1	584 41
64	927	0.5	1	846 81
65	451	0.5	1	395 56
66	449	0.5	1	390 59
67	366	0.5	1	316 50
68	505	0.5	1	461 44
69	202	0.5	1	163 39
70	227	0.5	1	156 71
71	511	0.5	1	467 44
72	312	0.5	1	241 71
73	281	0.5	1	216 65
74	267	0.5	1	221 46
75	2227	0.5	1	1975 252
76	444	0.5	1	396 48
77	298	0.5	1	250 48
78	205	0.5	1	161 44
79	152	0.5	1	104 48
80	176	0.5	1	135 41
81	258	0.5	1	207 51
82	302	0.5	1	245 57
83	386	0.5	1	336 50
84	357	0.5	1	296 61
85	430	0.5	1	388 42
86	322	0.5	1	277 45
87	309	0.5	1	271 38
88	275	0.5	1	211 64
89	271	0.5	1	234 37
90	252	0.5	1	208 44
91	366	0.5	1	313 53
92	328	0.5	1	261 67
93	299	0.5	1	211 88
94	278	0.5	1	200 78
95	349	0.5	1	291 58
96	319	0.5	1	264 55
97	174	0.5	1	142 32
98	174	0.5	1	132 42
99	154	0.5	1	102 52
100	143	0.5	1	103 40
101	166	0.5	1	119 47
102	143	0.5	1	95 48
103	163	0.5	1	108 55
104	159	0.5	1	125 34
105	154	0.5	1	107 47
106	191	0.5	1	147 44
107	108	0.5	1	86 22
108	150	0.5	1	99 51
109	147	0.5	1	113 34
110	190	0.5	1	157 33
111	178	0.5	1	136 42
112	221	0.5	1	168 53
113	242	0.5	1	202 40
114	274	0.5	1	228 46
115	248	0.5	1	204 44
116	205	0.5	1	156 49
117	222	0.5	1	183 39
118	371	0.5	1	319 52
119	376	0.5	1	341 35
120	261	0.5	1	231 30
121	275	0.5	1	224 51
122	222	0.5	1	180 42
123	178	0.5	1	126 52
124	390	0.5	1	308 82
125	505	0.5	1	399 106
126	636	0.5	1	540 96
127	244	0.5	1	201 43
128	371	0.5	1	311 60
129	285	0.5	1	243 42
130	37007	0.5	1	34974 2033
131	934	0.5	1	839 95
132	871	0.5	1	812 59
133	372	0.5	1	306 66
134	844	0.5	1	767 77
135	694	0.5	1	637 57
136	1023	0.5	1	961 62
137	1123	0.5	1	1049 74
138	1779	0.5	1	1662 117
139	2327	0.5	1	2224 103
140	2111	0.5	1	1985 126
141	3852	0.5	1	3654 198
142	3641	0.5	1	1583 2058
143	7994	0.5	1	7667 327
144	19572	0.5	1	19437 135
145	20934	0.5	1	20795 139
146	11878	0.5	1	11774 104
147	7863	0.5	1	7746 117
148	15077	0.5	1	14960 117
149	3872	0.5	1	3225 647
150	252710	0.5	1	13412 239298

RUN STATISTICS FOR INPUT FILE: /mnt/xomics/remcovc/raw_data_recognition_2020-03/umi_extracted/019_CGGTTGTT-CATACCAC_L003_R1.processed.fastq.gz
=============================================
34243529 sequences processed in total

