
SUMMARISING RUN PARAMETERS
==========================
Input filename: /mnt/xomics/remcovc/raw_data_recognition_2020-03/umi_extracted/020_AACTGGTG-TCACGTTC_L004_R3.processed.fastq.gz
Trimming mode: paired-end
Trim Galore version: 0.6.6
Cutadapt version: 3.4
Number of cores used for trimming: 1
Quality Phred score cutoff: 20
Quality encoding type selected: ASCII+33
Using Illumina adapter for trimming (count: 30968). Second best hit was smallRNA (count: 9)
Adapter sequence: 'AGATCGGAAGAGC' (Illumina TruSeq, Sanger iPCR; auto-detected)
Maximum trimming error rate: 0.1 (default)
Minimum required adapter overlap (stringency): 1 bp
Minimum required sequence length for both reads before a sequence pair gets removed: 20 bp
Running FastQC on the data once trimming has completed
Output file will be GZIP compressed


This is cutadapt 3.4 with Python 3.8.5
Command line parameters: -j 1 -e 0.1 -q 20 -O 1 -a AGATCGGAAGAGC /mnt/xomics/remcovc/raw_data_recognition_2020-03/umi_extracted/020_AACTGGTG-TCACGTTC_L004_R3.processed.fastq.gz
Processing reads on 1 core in single-end mode ...
Finished in 1523.82 s (34 µs/read; 1.74 M reads/minute).

=== Summary ===

Total reads processed:              44,173,274
Reads with adapters:                14,158,639 (32.1%)
Reads written (passing filters):    44,173,274 (100.0%)

Total basepairs processed: 6,625,991,100 bp
Quality-trimmed:              11,155,247 bp (0.2%)
Total written (filtered):  6,531,097,547 bp (98.6%)

=== Adapter 1 ===

Sequence: AGATCGGAAGAGC; Type: regular 3'; Length: 13; Trimmed: 14158639 times

No. of allowed errors:
1-9 bp: 0; 10-13 bp: 1

Bases preceding removed adapters:
  A: 25.7%
  C: 35.2%
  G: 23.2%
  T: 15.9%
  none/other: 0.1%

Overview of removed sequences
length	count	expect	max.err	error counts
1	8882704	11043318.5	0	8882704
2	3048093	2760829.6	0	3048093
3	747277	690207.4	0	747277
4	179353	172551.9	0	179353
5	60698	43138.0	0	60698
6	30765	10784.5	0	30765
7	27874	2696.1	0	27874
8	29450	674.0	0	29450
9	23849	168.5	0	23364 485
10	27834	42.1	1	26277 1557
11	24509	10.5	1	23299 1210
12	25480	2.6	1	24255 1225
13	23988	0.7	1	23122 866
14	26216	0.7	1	24920 1296
15	21483	0.7	1	20514 969
16	22603	0.7	1	21771 832
17	27466	0.7	1	26355 1111
18	16378	0.7	1	15673 705
19	25688	0.7	1	24553 1135
20	20692	0.7	1	19866 826
21	16721	0.7	1	16088 633
22	20201	0.7	1	19392 809
23	19804	0.7	1	18998 806
24	21665	0.7	1	20399 1266
25	19980	0.7	1	19298 682
26	17463	0.7	1	16776 687
27	15975	0.7	1	15370 605
28	18065	0.7	1	17437 628
29	16234	0.7	1	15637 597
30	15998	0.7	1	15428 570
31	17451	0.7	1	16716 735
32	15449	0.7	1	14866 583
33	16652	0.7	1	15895 757
34	16755	0.7	1	15937 818
35	15345	0.7	1	14786 559
36	13900	0.7	1	13182 718
37	14115	0.7	1	13592 523
38	14986	0.7	1	14382 604
39	13742	0.7	1	13146 596
40	30352	0.7	1	29535 817
41	3437	0.7	1	3156 281
42	20074	0.7	1	19559 515
43	7461	0.7	1	7042 419
44	28328	0.7	1	27625 703
45	16158	0.7	1	15678 480
46	5838	0.7	1	5497 341
47	13273	0.7	1	12921 352
48	2757	0.7	1	2536 221
49	7778	0.7	1	7484 294
50	1961	0.7	1	1809 152
51	3429	0.7	1	3207 222
52	2097	0.7	1	1929 168
53	8110	0.7	1	7793 317
54	12291	0.7	1	11923 368
55	3398	0.7	1	3184 214
56	7360	0.7	1	7044 316
57	16960	0.7	1	16585 375
58	4499	0.7	1	4221 278
59	3324	0.7	1	3147 177
60	11980	0.7	1	11668 312
61	3239	0.7	1	3092 147
62	1825	0.7	1	1661 164
63	9094	0.7	1	8758 336
64	13379	0.7	1	12972 407
65	1787	0.7	1	1627 160
66	2214	0.7	1	2046 168
67	1302	0.7	1	1177 125
68	793	0.7	1	714 79
69	1047	0.7	1	966 81
70	1620	0.7	1	1501 119
71	670	0.7	1	600 70
72	646	0.7	1	583 63
73	701	0.7	1	619 82
74	683	0.7	1	611 72
75	926	0.7	1	809 117
76	1253	0.7	1	1105 148
77	1798	0.7	1	1523 275
78	1727	0.7	1	1514 213
79	1647	0.7	1	1404 243
80	1618	0.7	1	1428 190
81	1462	0.7	1	1287 175
82	1376	0.7	1	1231 145
83	1323	0.7	1	1176 147
84	1162	0.7	1	1047 115
85	1260	0.7	1	1109 151
86	1133	0.7	1	1010 123
87	1073	0.7	1	943 130
88	935	0.7	1	817 118
89	1034	0.7	1	903 131
90	944	0.7	1	823 121
91	880	0.7	1	769 111
92	797	0.7	1	685 112
93	786	0.7	1	695 91
94	720	0.7	1	597 123
95	786	0.7	1	639 147
96	922	0.7	1	618 304
97	871	0.7	1	645 226
98	765	0.7	1	596 169
99	670	0.7	1	551 119
100	548	0.7	1	472 76
101	602	0.7	1	520 82
102	532	0.7	1	435 97
103	484	0.7	1	392 92
104	491	0.7	1	401 90
105	411	0.7	1	353 58
106	390	0.7	1	337 53
107	429	0.7	1	371 58
108	414	0.7	1	358 56
109	414	0.7	1	350 64
110	368	0.7	1	298 70
111	364	0.7	1	299 65
112	370	0.7	1	306 64
113	323	0.7	1	270 53
114	312	0.7	1	274 38
115	325	0.7	1	291 34
116	273	0.7	1	228 45
117	280	0.7	1	227 53
118	289	0.7	1	254 35
119	258	0.7	1	216 42
120	240	0.7	1	194 46
121	270	0.7	1	208 62
122	274	0.7	1	210 64
123	206	0.7	1	178 28
124	233	0.7	1	205 28
125	265	0.7	1	220 45
126	340	0.7	1	303 37
127	276	0.7	1	230 46
128	545	0.7	1	471 74
129	756	0.7	1	705 51
130	122447	0.7	1	119597 2850
131	5425	0.7	1	5020 405
132	3006	0.7	1	2856 150
133	1165	0.7	1	1086 79
134	3360	0.7	1	3116 244
135	2029	0.7	1	1857 172
136	2865	0.7	1	2668 197
137	5417	0.7	1	4710 707
138	4066	0.7	1	3594 472
139	3498	0.7	1	3079 419
140	10979	0.7	1	6930 4049
141	13567	0.7	1	10648 2919
142	2960	0.7	1	1950 1010
143	7851	0.7	1	4473 3378
144	12812	0.7	1	5849 6963
145	18746	0.7	1	8492 10254
146	6922	0.7	1	3382 3540
147	5783	0.7	1	2959 2824
148	5980	0.7	1	2885 3095
149	3897	0.7	1	1772 2125
150	13948	0.7	1	5807 8141

RUN STATISTICS FOR INPUT FILE: /mnt/xomics/remcovc/raw_data_recognition_2020-03/umi_extracted/020_AACTGGTG-TCACGTTC_L004_R3.processed.fastq.gz
=============================================
44173274 sequences processed in total

Total number of sequences analysed for the sequence pair length validation: 44173274

Number of sequence pairs removed because at least one read was shorter than the length cutoff (20 bp): 1438679 (3.26%)
