
SUMMARISING RUN PARAMETERS
==========================
Input filename: /mnt/xomics/remcovc/raw_data_recognition_2020-03/umi_extracted/020_AACTGGTG-TCACGTTC_L004_R1.processed.fastq.gz
Trimming mode: paired-end
Trim Galore version: 0.6.6
Cutadapt version: 3.4
Number of cores used for trimming: 1
Quality Phred score cutoff: 20
Quality encoding type selected: ASCII+33
Using Illumina adapter for trimming (count: 30968). Second best hit was smallRNA (count: 9)
Adapter sequence: 'AGATCGGAAGAGC' (Illumina TruSeq, Sanger iPCR; auto-detected)
Maximum trimming error rate: 0.1 (default)
Minimum required adapter overlap (stringency): 1 bp
Minimum required sequence length for both reads before a sequence pair gets removed: 20 bp
Running FastQC on the data once trimming has completed
Output file will be GZIP compressed


This is cutadapt 3.4 with Python 3.8.5
Command line parameters: -j 1 -e 0.1 -q 20 -O 1 -a AGATCGGAAGAGC /mnt/xomics/remcovc/raw_data_recognition_2020-03/umi_extracted/020_AACTGGTG-TCACGTTC_L004_R1.processed.fastq.gz
Processing reads on 1 core in single-end mode ...
Finished in 1314.00 s (30 µs/read; 2.02 M reads/minute).

=== Summary ===

Total reads processed:              44,173,274
Reads with adapters:                16,688,344 (37.8%)
Reads written (passing filters):    44,173,274 (100.0%)

Total basepairs processed: 6,625,991,100 bp
Quality-trimmed:               8,997,661 bp (0.1%)
Total written (filtered):  6,337,224,122 bp (95.6%)

=== Adapter 1 ===

Sequence: AGATCGGAAGAGC; Type: regular 3'; Length: 13; Trimmed: 16688344 times

No. of allowed errors:
1-9 bp: 0; 10-13 bp: 1

Bases preceding removed adapters:
  A: 28.3%
  C: 31.6%
  G: 27.1%
  T: 12.6%
  none/other: 0.3%

Overview of removed sequences
length	count	expect	max.err	error counts
1	9691605	11043318.5	0	9691605
2	3163103	2760829.6	0	3163103
3	975006	690207.4	0	975006
4	223136	172551.9	0	223136
5	76108	43138.0	0	76108
6	33771	10784.5	0	33771
7	28790	2696.1	0	28790
8	28250	674.0	0	28250
9	27641	168.5	0	25780 1861
10	26996	42.1	1	24979 2017
11	26417	10.5	1	24791 1626
12	25543	2.6	1	24651 892
13	23517	0.7	1	22827 690
14	24309	0.7	1	23449 860
15	23036	0.7	1	22359 677
16	23215	0.7	1	22349 866
17	23655	0.7	1	22721 934
18	23621	0.7	1	22906 715
19	18672	0.7	1	18179 493
20	21160	0.7	1	20538 622
21	20713	0.7	1	20080 633
22	19707	0.7	1	19222 485
23	20023	0.7	1	19385 638
24	19844	0.7	1	19023 821
25	19002	0.7	1	18421 581
26	16999	0.7	1	16544 455
27	18437	0.7	1	17874 563
28	17058	0.7	1	16582 476
29	17840	0.7	1	17177 663
30	17957	0.7	1	17469 488
31	14732	0.7	1	14336 396
32	16120	0.7	1	15617 503
33	15414	0.7	1	14888 526
34	15097	0.7	1	14625 472
35	15486	0.7	1	14957 529
36	14669	0.7	1	14127 542
37	14564	0.7	1	14123 441
38	13119	0.7	1	12739 380
39	13646	0.7	1	13240 406
40	12857	0.7	1	12488 369
41	12680	0.7	1	12304 376
42	12651	0.7	1	12262 389
43	11994	0.7	1	11624 370
44	11921	0.7	1	11538 383
45	11354	0.7	1	10995 359
46	10914	0.7	1	10532 382
47	10647	0.7	1	10282 365
48	10164	0.7	1	9833 331
49	9843	0.7	1	9477 366
50	9642	0.7	1	9318 324
51	9293	0.7	1	8942 351
52	9613	0.7	1	9203 410
53	8558	0.7	1	8257 301
54	13613	0.7	1	13277 336
55	2651	0.7	1	2508 143
56	6185	0.7	1	5991 194
57	10788	0.7	1	10460 328
58	7142	0.7	1	6934 208
59	4753	0.7	1	4554 199
60	7163	0.7	1	6941 222
61	5090	0.7	1	4893 197
62	4392	0.7	1	4227 165
63	5219	0.7	1	4999 220
64	6049	0.7	1	5861 188
65	3941	0.7	1	3789 152
66	3870	0.7	1	3706 164
67	3614	0.7	1	3472 142
68	3894	0.7	1	3774 120
69	2419	0.7	1	2310 109
70	1896	0.7	1	1773 123
71	3510	0.7	1	3362 148
72	2601	0.7	1	2453 148
73	2002	0.7	1	1896 106
74	2143	0.7	1	2047 96
75	12384	0.7	1	12071 313
76	3058	0.7	1	2950 108
77	2536	0.7	1	2429 107
78	1918	0.7	1	1827 91
79	1879	0.7	1	1777 102
80	470	0.7	1	403 67
81	701	0.7	1	600 101
82	1351	0.7	1	1277 74
83	1678	0.7	1	1587 91
84	1495	0.7	1	1406 89
85	1853	0.7	1	1758 95
86	1790	0.7	1	1681 109
87	1372	0.7	1	1253 119
88	1130	0.7	1	1048 82
89	1198	0.7	1	1116 82
90	1072	0.7	1	978 94
91	1095	0.7	1	1002 93
92	956	0.7	1	877 79
93	958	0.7	1	872 86
94	858	0.7	1	742 116
95	1056	0.7	1	979 77
96	904	0.7	1	816 88
97	681	0.7	1	601 80
98	623	0.7	1	555 68
99	585	0.7	1	502 83
100	515	0.7	1	456 59
101	567	0.7	1	492 75
102	514	0.7	1	427 87
103	473	0.7	1	379 94
104	488	0.7	1	422 66
105	505	0.7	1	441 64
106	611	0.7	1	547 64
107	572	0.7	1	521 51
108	588	0.7	1	529 59
109	665	0.7	1	573 92
110	659	0.7	1	590 69
111	730	0.7	1	670 60
112	892	0.7	1	828 64
113	935	0.7	1	866 69
114	957	0.7	1	886 71
115	1098	0.7	1	1012 86
116	766	0.7	1	687 79
117	655	0.7	1	596 59
118	1250	0.7	1	1153 97
119	1269	0.7	1	1219 50
120	835	0.7	1	754 81
121	856	0.7	1	766 90
122	871	0.7	1	767 104
123	890	0.7	1	801 89
124	710	0.7	1	626 84
125	1083	0.7	1	1001 82
126	1567	0.7	1	1485 82
127	1184	0.7	1	1110 74
128	1648	0.7	1	1558 90
129	1505	0.7	1	1361 144
130	122546	0.7	1	115077 7469
131	6059	0.7	1	5561 498
132	3501	0.7	1	3302 199
133	1951	0.7	1	1823 128
134	4276	0.7	1	4001 275
135	3385	0.7	1	3196 189
136	4801	0.7	1	4610 191
137	8970	0.7	1	8569 401
138	7763	0.7	1	7388 375
139	11938	0.7	1	11502 436
140	26335	0.7	1	25184 1151
141	14036	0.7	1	13588 448
142	6477	0.7	1	3296 3181
143	18064	0.7	1	17603 461
144	63279	0.7	1	63037 242
145	95700	0.7	1	95312 388
146	28340	0.7	1	28123 217
147	25909	0.7	1	25488 421
148	20031	0.7	1	19650 381
149	18884	0.7	1	15825 3059
150	1043596	0.7	1	36686 1006910

RUN STATISTICS FOR INPUT FILE: /mnt/xomics/remcovc/raw_data_recognition_2020-03/umi_extracted/020_AACTGGTG-TCACGTTC_L004_R1.processed.fastq.gz
=============================================
44173274 sequences processed in total

