
SUMMARISING RUN PARAMETERS
==========================
Input filename: /mnt/xomics/remcovc/raw_data_recognition_2020-03/umi_extracted/021_GAAGTTGG-GTTGTTCG_L003_R1.processed.fastq.gz
Trimming mode: paired-end
Trim Galore version: 0.6.6
Cutadapt version: 3.4
Number of cores used for trimming: 1
Quality Phred score cutoff: 20
Quality encoding type selected: ASCII+33
Using Illumina adapter for trimming (count: 189555). Second best hit was smallRNA (count: 4)
Adapter sequence: 'AGATCGGAAGAGC' (Illumina TruSeq, Sanger iPCR; auto-detected)
Maximum trimming error rate: 0.1 (default)
Minimum required adapter overlap (stringency): 1 bp
Minimum required sequence length for both reads before a sequence pair gets removed: 20 bp
Running FastQC on the data once trimming has completed
Output file will be GZIP compressed


This is cutadapt 3.4 with Python 3.8.5
Command line parameters: -j 1 -e 0.1 -q 20 -O 1 -a AGATCGGAAGAGC /mnt/xomics/remcovc/raw_data_recognition_2020-03/umi_extracted/021_GAAGTTGG-GTTGTTCG_L003_R1.processed.fastq.gz
Processing reads on 1 core in single-end mode ...
Finished in 898.40 s (26 µs/read; 2.31 M reads/minute).

=== Summary ===

Total reads processed:              34,521,658
Reads with adapters:                18,542,491 (53.7%)
Reads written (passing filters):    34,521,658 (100.0%)

Total basepairs processed: 5,178,248,700 bp
Quality-trimmed:              11,691,345 bp (0.2%)
Total written (filtered):  4,127,002,662 bp (79.7%)

=== Adapter 1 ===

Sequence: AGATCGGAAGAGC; Type: regular 3'; Length: 13; Trimmed: 18542491 times

No. of allowed errors:
1-9 bp: 0; 10-13 bp: 1

Bases preceding removed adapters:
  A: 21.7%
  C: 24.0%
  G: 44.0%
  T: 10.2%
  none/other: 0.0%

Overview of removed sequences
length	count	expect	max.err	error counts
1	6062667	8630414.5	0	6062667
2	1858457	2157603.6	0	1858457
3	669707	539400.9	0	669707
4	200755	134850.2	0	200755
5	106390	33712.6	0	106390
6	83140	8428.1	0	83140
7	78387	2107.0	0	78387
8	81166	526.8	0	81166
9	75390	131.7	0	74636 754
10	77173	32.9	1	74619 2554
11	74193	8.2	1	71590 2603
12	74970	2.1	1	72847 2123
13	71970	0.5	1	70069 1901
14	72352	0.5	1	70315 2037
15	71572	0.5	1	69656 1916
16	68891	0.5	1	66662 2229
17	71696	0.5	1	69125 2571
18	73955	0.5	1	72075 1880
19	58082	0.5	1	56613 1469
20	66995	0.5	1	65345 1650
21	64792	0.5	1	63225 1567
22	62247	0.5	1	60891 1356
23	63497	0.5	1	61828 1669
24	61610	0.5	1	59447 2163
25	60489	0.5	1	59048 1441
26	52842	0.5	1	51692 1150
27	56678	0.5	1	55139 1539
28	55859	0.5	1	54333 1526
29	55489	0.5	1	53682 1807
30	57803	0.5	1	56629 1174
31	46214	0.5	1	45152 1062
32	50677	0.5	1	49642 1035
33	49903	0.5	1	48538 1365
34	50885	0.5	1	49441 1444
35	44322	0.5	1	43496 826
36	46976	0.5	1	45777 1199
37	42956	0.5	1	41583 1373
38	41317	0.5	1	40457 860
39	40826	0.5	1	39878 948
40	39831	0.5	1	38780 1051
41	39700	0.5	1	38781 919
42	38487	0.5	1	37541 946
43	37272	0.5	1	36343 929
44	35426	0.5	1	34544 882
45	33442	0.5	1	32604 838
46	32016	0.5	1	31193 823
47	30800	0.5	1	30127 673
48	29565	0.5	1	28776 789
49	28822	0.5	1	28093 729
50	28498	0.5	1	27720 778
51	28332	0.5	1	27609 723
52	28562	0.5	1	27639 923
53	24892	0.5	1	24170 722
54	39108	0.5	1	38516 592
55	8620	0.5	1	8313 307
56	18175	0.5	1	17741 434
57	38108	0.5	1	37408 700
58	21936	0.5	1	21444 492
59	11334	0.5	1	10968 366
60	20585	0.5	1	20054 531
61	20004	0.5	1	19561 443
62	11657	0.5	1	11382 275
63	15261	0.5	1	14854 407
64	26068	0.5	1	25530 538
65	14634	0.5	1	14246 388
66	13031	0.5	1	12732 299
67	11271	0.5	1	10988 283
68	14501	0.5	1	14095 406
69	6575	0.5	1	6265 310
70	5617	0.5	1	5362 255
71	16803	0.5	1	16291 512
72	11888	0.5	1	11448 440
73	8947	0.5	1	8480 467
74	9522	0.5	1	8995 527
75	244434	0.5	1	237068 7366
76	39788	0.5	1	39232 556
77	12044	0.5	1	11317 727
78	5587	0.5	1	5334 253
79	4589	0.5	1	4277 312
80	7964	0.5	1	7472 492
81	8565	0.5	1	8266 299
82	10390	0.5	1	10169 221
83	11619	0.5	1	11368 251
84	8726	0.5	1	8490 236
85	7793	0.5	1	7584 209
86	6169	0.5	1	5837 332
87	5650	0.5	1	5408 242
88	4500	0.5	1	4326 174
89	4856	0.5	1	4694 162
90	5161	0.5	1	5014 147
91	5755	0.5	1	5586 169
92	4117	0.5	1	3976 141
93	3088	0.5	1	2944 144
94	2991	0.5	1	2859 132
95	3484	0.5	1	3372 112
96	2902	0.5	1	2725 177
97	2405	0.5	1	2324 81
98	1742	0.5	1	1662 80
99	1586	0.5	1	1491 95
100	1330	0.5	1	1242 88
101	1232	0.5	1	1181 51
102	1105	0.5	1	1021 84
103	1314	0.5	1	1199 115
104	1180	0.5	1	1098 82
105	1858	0.5	1	1731 127
106	2727	0.5	1	2583 144
107	2166	0.5	1	2078 88
108	2071	0.5	1	1956 115
109	2196	0.5	1	2091 105
110	2472	0.5	1	2352 120
111	2870	0.5	1	2737 133
112	3726	0.5	1	3524 202
113	4951	0.5	1	4735 216
114	5263	0.5	1	5069 194
115	5660	0.5	1	5367 293
116	5220	0.5	1	4673 547
117	4456	0.5	1	4093 363
118	8214	0.5	1	7860 354
119	8434	0.5	1	8107 327
120	4881	0.5	1	4529 352
121	5711	0.5	1	5266 445
122	4886	0.5	1	4419 467
123	5756	0.5	1	5310 446
124	4859	0.5	1	4401 458
125	7948	0.5	1	7267 681
126	10544	0.5	1	9939 605
127	7467	0.5	1	7080 387
128	10139	0.5	1	9563 576
129	10328	0.5	1	9687 641
130	952252	0.5	1	886067 66185
131	36989	0.5	1	34234 2755
132	29842	0.5	1	28223 1619
133	11735	0.5	1	11172 563
134	27758	0.5	1	26222 1536
135	18775	0.5	1	17566 1209
136	32865	0.5	1	31812 1053
137	41312	0.5	1	39484 1828
138	59110	0.5	1	55888 3222
139	71354	0.5	1	68250 3104
140	63458	0.5	1	60420 3038
141	102146	0.5	1	95917 6229
142	105381	0.5	1	41563 63818
143	239518	0.5	1	230625 8893
144	678145	0.5	1	674629 3516
145	486693	0.5	1	483329 3364
146	168063	0.5	1	166175 1888
147	149486	0.5	1	147562 1924
148	306895	0.5	1	303665 3230
149	62499	0.5	1	36457 26042
150	2538766	0.5	1	174940 2363826

RUN STATISTICS FOR INPUT FILE: /mnt/xomics/remcovc/raw_data_recognition_2020-03/umi_extracted/021_GAAGTTGG-GTTGTTCG_L003_R1.processed.fastq.gz
=============================================
34521658 sequences processed in total

