
SUMMARISING RUN PARAMETERS
==========================
Input filename: /mnt/xomics/remcovc/raw_data_recognition_2020-03/umi_extracted/021_GAAGTTGG-GTTGTTCG_L003_R3.processed.fastq.gz
Trimming mode: paired-end
Trim Galore version: 0.6.6
Cutadapt version: 3.4
Number of cores used for trimming: 1
Quality Phred score cutoff: 20
Quality encoding type selected: ASCII+33
Using Illumina adapter for trimming (count: 189555). Second best hit was smallRNA (count: 4)
Adapter sequence: 'AGATCGGAAGAGC' (Illumina TruSeq, Sanger iPCR; auto-detected)
Maximum trimming error rate: 0.1 (default)
Minimum required adapter overlap (stringency): 1 bp
Minimum required sequence length for both reads before a sequence pair gets removed: 20 bp
Running FastQC on the data once trimming has completed
Output file will be GZIP compressed


This is cutadapt 3.4 with Python 3.8.5
Command line parameters: -j 1 -e 0.1 -q 20 -O 1 -a AGATCGGAAGAGC /mnt/xomics/remcovc/raw_data_recognition_2020-03/umi_extracted/021_GAAGTTGG-GTTGTTCG_L003_R3.processed.fastq.gz
Processing reads on 1 core in single-end mode ...
Finished in 1018.26 s (29 µs/read; 2.03 M reads/minute).

=== Summary ===

Total reads processed:              34,521,658
Reads with adapters:                13,198,671 (38.2%)
Reads written (passing filters):    34,521,658 (100.0%)

Total basepairs processed: 5,178,248,700 bp
Quality-trimmed:              18,426,773 bp (0.4%)
Total written (filtered):  4,787,527,989 bp (92.5%)

=== Adapter 1 ===

Sequence: AGATCGGAAGAGC; Type: regular 3'; Length: 13; Trimmed: 13198671 times

No. of allowed errors:
1-9 bp: 0; 10-13 bp: 1

Bases preceding removed adapters:
  A: 22.0%
  C: 29.9%
  G: 31.7%
  T: 16.3%
  none/other: 0.0%

Overview of removed sequences
length	count	expect	max.err	error counts
1	5693709	8630414.5	0	5693709
2	1770065	2157603.6	0	1770065
3	524203	539400.9	0	524203
4	175575	134850.2	0	175575
5	99010	33712.6	0	99010
6	81357	8428.1	0	81357
7	76813	2107.0	0	76813
8	85722	526.8	0	85722
9	66011	131.7	0	65675 336
10	78609	32.9	1	74521 4088
11	72768	8.2	1	68111 4657
12	75922	2.1	1	71402 4520
13	70736	0.5	1	67618 3118
14	81277	0.5	1	77226 4051
15	61768	0.5	1	58562 3206
16	68347	0.5	1	65002 3345
17	78547	0.5	1	74574 3973
18	53733	0.5	1	51165 2568
19	76123	0.5	1	72402 3721
20	63248	0.5	1	60264 2984
21	58004	0.5	1	55177 2827
22	61946	0.5	1	59151 2795
23	61928	0.5	1	58887 3041
24	61199	0.5	1	57467 3732
25	61417	0.5	1	58418 2999
26	53989	0.5	1	51357 2632
27	56827	0.5	1	53377 3450
28	54474	0.5	1	52069 2405
29	53912	0.5	1	50837 3075
30	51190	0.5	1	48807 2383
31	54217	0.5	1	51476 2741
32	49490	0.5	1	47357 2133
33	50865	0.5	1	47721 3144
34	50067	0.5	1	47746 2321
35	50854	0.5	1	47627 3227
36	106243	0.5	1	100990 5253
37	36686	0.5	1	34688 1998
38	31136	0.5	1	29307 1829
39	42736	0.5	1	40571 2165
40	82111	0.5	1	76139 5972
41	48035	0.5	1	45068 2967
42	40876	0.5	1	39617 1259
43	20681	0.5	1	19241 1440
44	76036	0.5	1	74173 1863
45	37573	0.5	1	36075 1498
46	14891	0.5	1	13965 926
47	27133	0.5	1	26127 1006
48	12326	0.5	1	11619 707
49	19400	0.5	1	18690 710
50	8027	0.5	1	7533 494
51	11080	0.5	1	10494 586
52	7902	0.5	1	7381 521
53	19658	0.5	1	18909 749
54	26830	0.5	1	26006 824
55	13129	0.5	1	12445 684
56	19357	0.5	1	18591 766
57	31819	0.5	1	30873 946
58	14375	0.5	1	13689 686
59	11441	0.5	1	10863 578
60	27785	0.5	1	26768 1017
61	13557	0.5	1	12992 565
62	6691	0.5	1	6250 441
63	19545	0.5	1	18747 798
64	28040	0.5	1	26829 1211
65	14397	0.5	1	13417 980
66	12310	0.5	1	11482 828
67	9696	0.5	1	8815 881
68	5510	0.5	1	4867 643
69	4819	0.5	1	4114 705
70	6132	0.5	1	5509 623
71	3659	0.5	1	3240 419
72	3471	0.5	1	2956 515
73	4259	0.5	1	3816 443
74	5112	0.5	1	4557 555
75	13285	0.5	1	11357 1928
76	6348	0.5	1	4995 1353
77	10041	0.5	1	8124 1917
78	4743	0.5	1	3925 818
79	6250	0.5	1	5288 962
80	6387	0.5	1	5595 792
81	4272	0.5	1	3797 475
82	3661	0.5	1	3295 366
83	6409	0.5	1	3893 2516
84	3685	0.5	1	3031 654
85	4339	0.5	1	3287 1052
86	3280	0.5	1	2746 534
87	2841	0.5	1	2496 345
88	2643	0.5	1	2351 292
89	2728	0.5	1	2324 404
90	2642	0.5	1	2233 409
91	4697	0.5	1	2391 2306
92	2648	0.5	1	2041 607
93	2301	0.5	1	1760 541
94	1806	0.5	1	1481 325
95	4090	0.5	1	2070 2020
96	2224	0.5	1	1587 637
97	1549	0.5	1	1300 249
98	1392	0.5	1	1257 135
99	1326	0.5	1	1209 117
100	1107	0.5	1	997 110
101	968	0.5	1	891 77
102	792	0.5	1	710 82
103	793	0.5	1	723 70
104	655	0.5	1	595 60
105	706	0.5	1	652 54
106	585	0.5	1	548 37
107	787	0.5	1	730 57
108	595	0.5	1	553 42
109	513	0.5	1	471 42
110	503	0.5	1	464 39
111	456	0.5	1	428 28
112	579	0.5	1	530 49
113	724	0.5	1	690 34
114	835	0.5	1	806 29
115	579	0.5	1	557 22
116	1514	0.5	1	1465 49
117	844	0.5	1	814 30
118	505	0.5	1	462 43
119	621	0.5	1	564 57
120	504	0.5	1	449 55
121	497	0.5	1	460 37
122	467	0.5	1	407 60
123	1001	0.5	1	969 32
124	803	0.5	1	727 76
125	1579	0.5	1	1500 79
126	2525	0.5	1	2448 77
127	1355	0.5	1	1275 80
128	2951	0.5	1	2797 154
129	5748	0.5	1	5186 562
130	953305	0.5	1	926632 26673
131	33587	0.5	1	31415 2172
132	24805	0.5	1	22978 1827
133	6309	0.5	1	5965 344
134	23291	0.5	1	21950 1341
135	11188	0.5	1	10230 958
136	17778	0.5	1	16714 1064
137	27528	0.5	1	24119 3409
138	42003	0.5	1	37947 4056
139	24814	0.5	1	22352 2462
140	22827	0.5	1	13789 9038
141	102775	0.5	1	63615 39160
142	32488	0.5	1	21031 11457
143	92316	0.5	1	41718 50598
144	158948	0.5	1	56900 102048
145	108129	0.5	1	39256 68873
146	35344	0.5	1	13532 21812
147	34561	0.5	1	16446 18115
148	102351	0.5	1	37633 64718
149	11605	0.5	1	4660 6945
150	86655	0.5	1	51818 34837

RUN STATISTICS FOR INPUT FILE: /mnt/xomics/remcovc/raw_data_recognition_2020-03/umi_extracted/021_GAAGTTGG-GTTGTTCG_L003_R3.processed.fastq.gz
=============================================
34521658 sequences processed in total

Total number of sequences analysed for the sequence pair length validation: 34521658

Number of sequence pairs removed because at least one read was shorter than the length cutoff (20 bp): 5359384 (15.52%)
