
SUMMARISING RUN PARAMETERS
==========================
Input filename: /mnt/xomics/remcovc/raw_data_recognition_2020-03/umi_extracted/022_CGCAATCT-ATGCCTGT_L004_R1.processed.fastq.gz
Trimming mode: paired-end
Trim Galore version: 0.6.6
Cutadapt version: 3.4
Number of cores used for trimming: 1
Quality Phred score cutoff: 20
Quality encoding type selected: ASCII+33
Using Illumina adapter for trimming (count: 37957). Second best hit was smallRNA (count: 6)
Adapter sequence: 'AGATCGGAAGAGC' (Illumina TruSeq, Sanger iPCR; auto-detected)
Maximum trimming error rate: 0.1 (default)
Minimum required adapter overlap (stringency): 1 bp
Minimum required sequence length for both reads before a sequence pair gets removed: 20 bp
Running FastQC on the data once trimming has completed
Output file will be GZIP compressed


This is cutadapt 3.4 with Python 3.8.5
Command line parameters: -j 1 -e 0.1 -q 20 -O 1 -a AGATCGGAAGAGC /mnt/xomics/remcovc/raw_data_recognition_2020-03/umi_extracted/022_CGCAATCT-ATGCCTGT_L004_R1.processed.fastq.gz
Processing reads on 1 core in single-end mode ...
Finished in 1231.48 s (31 µs/read; 1.96 M reads/minute).

=== Summary ===

Total reads processed:              40,182,749
Reads with adapters:                15,038,744 (37.4%)
Reads written (passing filters):    40,182,749 (100.0%)

Total basepairs processed: 6,027,412,350 bp
Quality-trimmed:              10,660,127 bp (0.2%)
Total written (filtered):  5,733,437,927 bp (95.1%)

=== Adapter 1 ===

Sequence: AGATCGGAAGAGC; Type: regular 3'; Length: 13; Trimmed: 15038744 times

No. of allowed errors:
1-9 bp: 0; 10-13 bp: 1

Bases preceding removed adapters:
  A: 28.5%
  C: 29.8%
  G: 27.9%
  T: 13.3%
  none/other: 0.4%

Overview of removed sequences
length	count	expect	max.err	error counts
1	8872231	10045687.2	0	8872231
2	2893134	2511421.8	0	2893134
3	877670	627855.5	0	877670
4	189208	156963.9	0	189208
5	55212	39241.0	0	55212
6	18875	9810.2	0	18875
7	15327	2452.6	0	15327
8	13159	613.1	0	13159
9	13416	153.3	0	12080 1336
10	13043	38.3	1	11379 1664
11	12191	9.6	1	11025 1166
12	11467	2.4	1	10871 596
13	10608	0.6	1	10191 417
14	10284	0.6	1	9874 410
15	10076	0.6	1	9710 366
16	9367	0.6	1	8932 435
17	9876	0.6	1	9358 518
18	9565	0.6	1	9232 333
19	7562	0.6	1	7280 282
20	8054	0.6	1	7748 306
21	7945	0.6	1	7642 303
22	7481	0.6	1	7190 291
23	7403	0.6	1	7101 302
24	7326	0.6	1	6925 401
25	6951	0.6	1	6684 267
26	5642	0.6	1	5405 237
27	6181	0.6	1	5922 259
28	5834	0.6	1	5589 245
29	5860	0.6	1	5553 307
30	5918	0.6	1	5692 226
31	4281	0.6	1	4093 188
32	5157	0.6	1	4939 218
33	4611	0.6	1	4405 206
34	4416	0.6	1	4218 198
35	4678	0.6	1	4443 235
36	3593	0.6	1	3479 114
37	3978	0.6	1	3792 186
38	3808	0.6	1	3623 185
39	3793	0.6	1	3561 232
40	2820	0.6	1	2666 154
41	3208	0.6	1	3064 144
42	2962	0.6	1	2828 134
43	2856	0.6	1	2668 188
44	2659	0.6	1	2523 136
45	2566	0.6	1	2402 164
46	2530	0.6	1	2369 161
47	2312	0.6	1	2190 122
48	2215	0.6	1	2072 143
49	2176	0.6	1	2030 146
50	2116	0.6	1	1975 141
51	2089	0.6	1	1979 110
52	2161	0.6	1	1975 186
53	1643	0.6	1	1543 100
54	2776	0.6	1	2679 97
55	595	0.6	1	519 76
56	1206	0.6	1	1124 82
57	3485	0.6	1	3332 153
58	1675	0.6	1	1562 113
59	759	0.6	1	687 72
60	1562	0.6	1	1489 73
61	1389	0.6	1	1294 95
62	754	0.6	1	678 76
63	1013	0.6	1	944 69
64	1934	0.6	1	1823 111
65	905	0.6	1	835 70
66	817	0.6	1	746 71
67	714	0.6	1	648 66
68	1050	0.6	1	955 95
69	443	0.6	1	383 60
70	442	0.6	1	348 94
71	1252	0.6	1	1155 97
72	808	0.6	1	710 98
73	678	0.6	1	586 92
74	695	0.6	1	604 91
75	15115	0.6	1	14281 834
76	3107	0.6	1	3015 92
77	961	0.6	1	867 94
78	453	0.6	1	405 48
79	372	0.6	1	303 69
80	961	0.6	1	805 156
81	1000	0.6	1	922 78
82	1245	0.6	1	1180 65
83	1777	0.6	1	1697 80
84	1380	0.6	1	1314 66
85	2016	0.6	1	1940 76
86	1624	0.6	1	1554 70
87	1396	0.6	1	1323 73
88	916	0.6	1	858 58
89	1079	0.6	1	1024 55
90	1594	0.6	1	1528 66
91	2442	0.6	1	2369 73
92	1606	0.6	1	1519 87
93	1036	0.6	1	974 62
94	1496	0.6	1	1401 95
95	1255	0.6	1	1192 63
96	1079	0.6	1	1013 66
97	848	0.6	1	782 66
98	782	0.6	1	733 49
99	685	0.6	1	638 47
100	798	0.6	1	759 39
101	703	0.6	1	639 64
102	636	0.6	1	572 64
103	449	0.6	1	390 59
104	336	0.6	1	266 70
105	306	0.6	1	249 57
106	328	0.6	1	276 52
107	355	0.6	1	306 49
108	341	0.6	1	281 60
109	444	0.6	1	385 59
110	482	0.6	1	405 77
111	593	0.6	1	531 62
112	880	0.6	1	799 81
113	873	0.6	1	802 71
114	1028	0.6	1	978 50
115	1114	0.6	1	1039 75
116	824	0.6	1	767 57
117	1444	0.6	1	1362 82
118	2119	0.6	1	2044 75
119	1918	0.6	1	1846 72
120	1307	0.6	1	1221 86
121	1421	0.6	1	1334 87
122	1217	0.6	1	1138 79
123	903	0.6	1	814 89
124	3632	0.6	1	2994 638
125	12372	0.6	1	10056 2316
126	9476	0.6	1	8095 1381
127	1781	0.6	1	1596 185
128	3201	0.6	1	3023 178
129	2067	0.6	1	1897 170
130	305036	0.6	1	290172 14864
131	9774	0.6	1	9158 616
132	8079	0.6	1	7711 368
133	3257	0.6	1	3052 205
134	5544	0.6	1	5267 277
135	5311	0.6	1	5050 261
136	7875	0.6	1	7629 246
137	15243	0.6	1	14752 491
138	20666	0.6	1	19970 696
139	28205	0.6	1	27571 634
140	16943	0.6	1	16487 456
141	40947	0.6	1	40029 918
142	22250	0.6	1	16153 6097
143	56270	0.6	1	55228 1042
144	134359	0.6	1	133813 546
145	150642	0.6	1	149979 663
146	57423	0.6	1	57024 399
147	56521	0.6	1	56108 413
148	66079	0.6	1	65691 388
149	13602	0.6	1	11357 2245
150	690699	0.6	1	46861 643838

RUN STATISTICS FOR INPUT FILE: /mnt/xomics/remcovc/raw_data_recognition_2020-03/umi_extracted/022_CGCAATCT-ATGCCTGT_L004_R1.processed.fastq.gz
=============================================
40182749 sequences processed in total

