
SUMMARISING RUN PARAMETERS
==========================
Input filename: /mnt/xomics/remcovc/raw_data_recognition_2020-03/umi_extracted/023_GATGTGTG-CATGGCTA_L004_R1.processed.fastq.gz
Trimming mode: paired-end
Trim Galore version: 0.6.6
Cutadapt version: 3.4
Number of cores used for trimming: 1
Quality Phred score cutoff: 20
Quality encoding type selected: ASCII+33
Using Illumina adapter for trimming (count: 20012). Second best hit was smallRNA (count: 5)
Adapter sequence: 'AGATCGGAAGAGC' (Illumina TruSeq, Sanger iPCR; auto-detected)
Maximum trimming error rate: 0.1 (default)
Minimum required adapter overlap (stringency): 1 bp
Minimum required sequence length for both reads before a sequence pair gets removed: 20 bp
Running FastQC on the data once trimming has completed
Output file will be GZIP compressed


This is cutadapt 3.4 with Python 3.8.5
Command line parameters: -j 1 -e 0.1 -q 20 -O 1 -a AGATCGGAAGAGC /mnt/xomics/remcovc/raw_data_recognition_2020-03/umi_extracted/023_GATGTGTG-CATGGCTA_L004_R1.processed.fastq.gz
Processing reads on 1 core in single-end mode ...
Finished in 1243.78 s (31 µs/read; 1.96 M reads/minute).

=== Summary ===

Total reads processed:              40,629,666
Reads with adapters:                14,436,913 (35.5%)
Reads written (passing filters):    40,629,666 (100.0%)

Total basepairs processed: 6,094,449,900 bp
Quality-trimmed:               9,753,222 bp (0.2%)
Total written (filtered):  5,961,434,862 bp (97.8%)

=== Adapter 1 ===

Sequence: AGATCGGAAGAGC; Type: regular 3'; Length: 13; Trimmed: 14436913 times

No. of allowed errors:
1-9 bp: 0; 10-13 bp: 1

Bases preceding removed adapters:
  A: 29.6%
  C: 31.0%
  G: 26.7%
  T: 12.7%
  none/other: 0.0%

Overview of removed sequences
length	count	expect	max.err	error counts
1	9279533	10157416.5	0	9279533
2	3033043	2539354.1	0	3033043
3	924571	634838.5	0	924571
4	200677	158709.6	0	200677
5	54978	39677.4	0	54978
6	16480	9919.4	0	16480
7	12793	2479.8	0	12793
8	9862	620.0	0	9862
9	10084	155.0	0	8768 1316
10	10106	38.7	1	8354 1752
11	9161	9.7	1	8042 1119
12	8416	2.4	1	7913 503
13	7648	0.6	1	7307 341
14	7529	0.6	1	7157 372
15	7188	0.6	1	6887 301
16	6751	0.6	1	6456 295
17	6917	0.6	1	6568 349
18	6904	0.6	1	6666 238
19	5191	0.6	1	4993 198
20	5875	0.6	1	5644 231
21	5516	0.6	1	5269 247
22	5070	0.6	1	4859 211
23	5091	0.6	1	4813 278
24	5064	0.6	1	4754 310
25	4655	0.6	1	4433 222
26	3886	0.6	1	3717 169
27	4406	0.6	1	4173 233
28	3918	0.6	1	3729 189
29	3808	0.6	1	3621 187
30	3875	0.6	1	3688 187
31	2862	0.6	1	2714 148
32	3565	0.6	1	3338 227
33	2977	0.6	1	2799 178
34	3081	0.6	1	2882 199
35	2673	0.6	1	2546 127
36	2824	0.6	1	2691 133
37	2182	0.6	1	2063 119
38	2342	0.6	1	2203 139
39	2126	0.6	1	1992 134
40	2082	0.6	1	1946 136
41	1950	0.6	1	1819 131
42	1843	0.6	1	1737 106
43	1798	0.6	1	1673 125
44	1721	0.6	1	1611 110
45	1579	0.6	1	1453 126
46	1465	0.6	1	1337 128
47	1345	0.6	1	1237 108
48	1346	0.6	1	1245 101
49	1252	0.6	1	1134 118
50	1275	0.6	1	1141 134
51	1159	0.6	1	1060 99
52	1214	0.6	1	1079 135
53	974	0.6	1	885 89
54	1546	0.6	1	1437 109
55	372	0.6	1	304 68
56	689	0.6	1	624 65
57	1684	0.6	1	1574 110
58	899	0.6	1	787 112
59	475	0.6	1	372 103
60	767	0.6	1	713 54
61	683	0.6	1	602 81
62	401	0.6	1	351 50
63	595	0.6	1	516 79
64	810	0.6	1	743 67
65	381	0.6	1	345 36
66	390	0.6	1	342 48
67	309	0.6	1	260 49
68	446	0.6	1	382 64
69	243	0.6	1	177 66
70	217	0.6	1	147 70
71	507	0.6	1	428 79
72	314	0.6	1	232 82
73	217	0.6	1	160 57
74	246	0.6	1	211 35
75	2236	0.6	1	2122 114
76	568	0.6	1	501 67
77	359	0.6	1	288 71
78	204	0.6	1	166 38
79	169	0.6	1	95 74
80	202	0.6	1	141 61
81	396	0.6	1	333 63
82	341	0.6	1	298 43
83	777	0.6	1	743 34
84	489	0.6	1	428 61
85	841	0.6	1	774 67
86	482	0.6	1	444 38
87	392	0.6	1	333 59
88	293	0.6	1	230 63
89	310	0.6	1	269 41
90	306	0.6	1	248 58
91	547	0.6	1	482 65
92	340	0.6	1	282 58
93	205	0.6	1	157 48
94	235	0.6	1	144 91
95	360	0.6	1	298 62
96	246	0.6	1	179 67
97	134	0.6	1	98 36
98	155	0.6	1	96 59
99	132	0.6	1	72 60
100	119	0.6	1	75 44
101	144	0.6	1	84 60
102	127	0.6	1	85 42
103	160	0.6	1	84 76
104	108	0.6	1	73 35
105	119	0.6	1	83 36
106	184	0.6	1	136 48
107	141	0.6	1	101 40
108	150	0.6	1	109 41
109	163	0.6	1	121 42
110	219	0.6	1	175 44
111	236	0.6	1	177 59
112	311	0.6	1	261 50
113	377	0.6	1	328 49
114	458	0.6	1	400 58
115	461	0.6	1	424 37
116	363	0.6	1	320 43
117	466	0.6	1	402 64
118	904	0.6	1	816 88
119	916	0.6	1	868 48
120	545	0.6	1	498 47
121	558	0.6	1	512 46
122	521	0.6	1	464 57
123	415	0.6	1	358 57
124	431	0.6	1	389 42
125	663	0.6	1	603 60
126	977	0.6	1	877 100
127	544	0.6	1	478 66
128	1281	0.6	1	1188 93
129	1001	0.6	1	875 126
130	222627	0.6	1	213238 9389
131	8253	0.6	1	7779 474
132	5732	0.6	1	5474 258
133	1519	0.6	1	1400 119
134	4069	0.6	1	3859 210
135	2417	0.6	1	2274 143
136	4453	0.6	1	4316 137
137	4450	0.6	1	4267 183
138	7437	0.6	1	7176 261
139	7453	0.6	1	7231 222
140	6207	0.6	1	5858 349
141	8774	0.6	1	8330 444
142	4333	0.6	1	3063 1270
143	25023	0.6	1	24572 451
144	69205	0.6	1	68914 291
145	85495	0.6	1	85177 318
146	24503	0.6	1	24344 159
147	20274	0.6	1	20074 200
148	45779	0.6	1	45418 361
149	5437	0.6	1	5034 403
150	122870	0.6	1	19945 102925

RUN STATISTICS FOR INPUT FILE: /mnt/xomics/remcovc/raw_data_recognition_2020-03/umi_extracted/023_GATGTGTG-CATGGCTA_L004_R1.processed.fastq.gz
=============================================
40629666 sequences processed in total

