
SUMMARISING RUN PARAMETERS
==========================
Input filename: /mnt/xomics/remcovc/raw_data_recognition_2020-03/umi_extracted/025_ACGTTCAG-GCACAACT_L003_R1.processed.fastq.gz
Trimming mode: paired-end
Trim Galore version: 0.6.6
Cutadapt version: 3.4
Number of cores used for trimming: 1
Quality Phred score cutoff: 20
Quality encoding type selected: ASCII+33
Using Illumina adapter for trimming (count: 7009). Second best hit was smallRNA (count: 5)
Adapter sequence: 'AGATCGGAAGAGC' (Illumina TruSeq, Sanger iPCR; auto-detected)
Maximum trimming error rate: 0.1 (default)
Minimum required adapter overlap (stringency): 1 bp
Minimum required sequence length for both reads before a sequence pair gets removed: 20 bp
Running FastQC on the data once trimming has completed
Output file will be GZIP compressed


This is cutadapt 3.4 with Python 3.8.5
Command line parameters: -j 1 -e 0.1 -q 20 -O 1 -a AGATCGGAAGAGC /mnt/xomics/remcovc/raw_data_recognition_2020-03/umi_extracted/025_ACGTTCAG-GCACAACT_L003_R1.processed.fastq.gz
Processing reads on 1 core in single-end mode ...
Finished in 1084.06 s (32 µs/read; 1.86 M reads/minute).

=== Summary ===

Total reads processed:              33,613,440
Reads with adapters:                11,585,632 (34.5%)
Reads written (passing filters):    33,613,440 (100.0%)

Total basepairs processed: 5,042,016,000 bp
Quality-trimmed:               7,008,774 bp (0.1%)
Total written (filtered):  4,975,571,642 bp (98.7%)

=== Adapter 1 ===

Sequence: AGATCGGAAGAGC; Type: regular 3'; Length: 13; Trimmed: 11585632 times

No. of allowed errors:
1-9 bp: 0; 10-13 bp: 1

Bases preceding removed adapters:
  A: 30.5%
  C: 31.6%
  G: 24.7%
  T: 13.3%
  none/other: 0.0%

Overview of removed sequences
length	count	expect	max.err	error counts
1	7672984	8403360.0	0	7672984
2	2507714	2100840.0	0	2507714
3	757436	525210.0	0	757436
4	162028	131302.5	0	162028
5	43726	32825.6	0	43726
6	11857	8206.4	0	11857
7	9652	2051.6	0	9652
8	7226	512.9	0	7226
9	7407	128.2	0	6358 1049
10	7435	32.1	1	5944 1491
11	6735	8.0	1	5759 976
12	5930	2.0	1	5589 341
13	5265	0.5	1	5043 222
14	5333	0.5	1	5092 241
15	4853	0.5	1	4686 167
16	4526	0.5	1	4316 210
17	4988	0.5	1	4690 298
18	4699	0.5	1	4521 178
19	3523	0.5	1	3373 150
20	3994	0.5	1	3846 148
21	4009	0.5	1	3835 174
22	3355	0.5	1	3209 146
23	3483	0.5	1	3330 153
24	3555	0.5	1	3327 228
25	3200	0.5	1	3065 135
26	2684	0.5	1	2561 123
27	2969	0.5	1	2812 157
28	2797	0.5	1	2681 116
29	2642	0.5	1	2490 152
30	2771	0.5	1	2642 129
31	1984	0.5	1	1883 101
32	2208	0.5	1	2071 137
33	2116	0.5	1	2020 96
34	1954	0.5	1	1847 107
35	1907	0.5	1	1806 101
36	1940	0.5	1	1788 152
37	1632	0.5	1	1530 102
38	1674	0.5	1	1561 113
39	1481	0.5	1	1388 93
40	1413	0.5	1	1322 91
41	1427	0.5	1	1319 108
42	1289	0.5	1	1231 58
43	1223	0.5	1	1128 95
44	1160	0.5	1	1087 73
45	1109	0.5	1	1015 94
46	1019	0.5	1	924 95
47	1076	0.5	1	973 103
48	987	0.5	1	900 87
49	859	0.5	1	794 65
50	865	0.5	1	784 81
51	868	0.5	1	792 76
52	912	0.5	1	799 113
53	676	0.5	1	622 54
54	1032	0.5	1	952 80
55	252	0.5	1	212 40
56	458	0.5	1	402 56
57	1193	0.5	1	1128 65
58	611	0.5	1	542 69
59	318	0.5	1	272 46
60	577	0.5	1	518 59
61	435	0.5	1	373 62
62	296	0.5	1	248 48
63	397	0.5	1	361 36
64	547	0.5	1	480 67
65	295	0.5	1	261 34
66	250	0.5	1	224 26
67	242	0.5	1	196 46
68	307	0.5	1	284 23
69	145	0.5	1	116 29
70	148	0.5	1	93 55
71	327	0.5	1	288 39
72	223	0.5	1	156 67
73	172	0.5	1	136 36
74	166	0.5	1	122 44
75	1216	0.5	1	1107 109
76	250	0.5	1	218 32
77	186	0.5	1	154 32
78	124	0.5	1	91 33
79	107	0.5	1	63 44
80	97	0.5	1	58 39
81	170	0.5	1	119 51
82	169	0.5	1	134 35
83	212	0.5	1	183 29
84	208	0.5	1	157 51
85	226	0.5	1	189 37
86	177	0.5	1	137 40
87	169	0.5	1	124 45
88	146	0.5	1	108 38
89	145	0.5	1	127 18
90	144	0.5	1	104 40
91	145	0.5	1	103 42
92	155	0.5	1	98 57
93	135	0.5	1	91 44
94	154	0.5	1	96 58
95	155	0.5	1	128 27
96	127	0.5	1	98 29
97	111	0.5	1	79 32
98	111	0.5	1	73 38
99	97	0.5	1	65 32
100	110	0.5	1	72 38
101	117	0.5	1	59 58
102	132	0.5	1	59 73
103	91	0.5	1	50 41
104	93	0.5	1	67 26
105	73	0.5	1	45 28
106	68	0.5	1	50 18
107	81	0.5	1	50 31
108	93	0.5	1	58 35
109	86	0.5	1	57 29
110	82	0.5	1	58 24
111	107	0.5	1	74 33
112	95	0.5	1	73 22
113	114	0.5	1	78 36
114	115	0.5	1	85 30
115	128	0.5	1	95 33
116	80	0.5	1	61 19
117	82	0.5	1	55 27
118	150	0.5	1	112 38
119	195	0.5	1	157 38
120	137	0.5	1	115 22
121	138	0.5	1	100 38
122	94	0.5	1	71 23
123	91	0.5	1	66 25
124	92	0.5	1	69 23
125	112	0.5	1	84 28
126	177	0.5	1	140 37
127	112	0.5	1	86 26
128	193	0.5	1	159 34
129	202	0.5	1	151 51
130	37700	0.5	1	35906 1794
131	808	0.5	1	742 66
132	949	0.5	1	902 47
133	256	0.5	1	227 29
134	1504	0.5	1	1419 85
135	604	0.5	1	561 43
136	1019	0.5	1	974 45
137	1301	0.5	1	1223 78
138	1810	0.5	1	1712 98
139	1345	0.5	1	1283 62
140	1383	0.5	1	1282 101
141	1917	0.5	1	1774 143
142	1366	0.5	1	628 738
143	4646	0.5	1	4536 110
144	10954	0.5	1	10896 58
145	9487	0.5	1	9425 62
146	2699	0.5	1	2646 53
147	2951	0.5	1	2837 114
148	5324	0.5	1	5256 68
149	1270	0.5	1	953 317
150	179017	0.5	1	5982 173035

RUN STATISTICS FOR INPUT FILE: /mnt/xomics/remcovc/raw_data_recognition_2020-03/umi_extracted/025_ACGTTCAG-GCACAACT_L003_R1.processed.fastq.gz
=============================================
33613440 sequences processed in total

