
SUMMARISING RUN PARAMETERS
==========================
Input filename: /mnt/xomics/remcovc/raw_data_recognition_2020-03/umi_extracted/026_CGTGTGTA-TTCGTTGG_L004_R1.processed.fastq.gz
Trimming mode: paired-end
Trim Galore version: 0.6.6
Cutadapt version: 3.4
Number of cores used for trimming: 1
Quality Phred score cutoff: 20
Quality encoding type selected: ASCII+33
Using Illumina adapter for trimming (count: 10558). Second best hit was smallRNA (count: 6)
Adapter sequence: 'AGATCGGAAGAGC' (Illumina TruSeq, Sanger iPCR; auto-detected)
Maximum trimming error rate: 0.1 (default)
Minimum required adapter overlap (stringency): 1 bp
Minimum required sequence length for both reads before a sequence pair gets removed: 20 bp
Running FastQC on the data once trimming has completed
Output file will be GZIP compressed


This is cutadapt 3.4 with Python 3.8.5
Command line parameters: -j 1 -e 0.1 -q 20 -O 1 -a AGATCGGAAGAGC /mnt/xomics/remcovc/raw_data_recognition_2020-03/umi_extracted/026_CGTGTGTA-TTCGTTGG_L004_R1.processed.fastq.gz
Processing reads on 1 core in single-end mode ...
Finished in 2690.67 s (31 µs/read; 1.91 M reads/minute).

=== Summary ===

Total reads processed:              85,436,176
Reads with adapters:                29,666,113 (34.7%)
Reads written (passing filters):    85,436,176 (100.0%)

Total basepairs processed: 12,815,426,400 bp
Quality-trimmed:              18,612,296 bp (0.1%)
Total written (filtered):  12,676,953,819 bp (98.9%)

=== Adapter 1 ===

Sequence: AGATCGGAAGAGC; Type: regular 3'; Length: 13; Trimmed: 29666113 times

No. of allowed errors:
1-9 bp: 0; 10-13 bp: 1

Bases preceding removed adapters:
  A: 30.2%
  C: 31.3%
  G: 25.5%
  T: 13.0%
  none/other: 0.0%

Overview of removed sequences
length	count	expect	max.err	error counts
1	19442393	21359044.0	0	19442393
2	6405694	5339761.0	0	6405694
3	1950048	1334940.2	0	1950048
4	435925	333735.1	0	435925
5	139848	83433.8	0	139848
6	54226	20858.4	0	54226
7	48734	5214.6	0	48734
8	40742	1303.7	0	40742
9	39042	325.9	0	35788 3254
10	39137	81.5	1	35107 4030
11	35458	20.4	1	32628 2830
12	33660	5.1	1	32286 1374
13	30029	1.3	1	29032 997
14	30075	1.3	1	29047 1028
15	28106	1.3	1	27227 879
16	26684	1.3	1	25679 1005
17	26930	1.3	1	25845 1085
18	25927	1.3	1	25130 797
19	20123	1.3	1	19472 651
20	22171	1.3	1	21487 684
21	20929	1.3	1	20129 800
22	19313	1.3	1	18582 731
23	18598	1.3	1	17943 655
24	18405	1.3	1	17638 767
25	16830	1.3	1	16276 554
26	14104	1.3	1	13677 427
27	14728	1.3	1	14142 586
28	13576	1.3	1	13063 513
29	13514	1.3	1	12951 563
30	13323	1.3	1	12881 442
31	10039	1.3	1	9695 344
32	11100	1.3	1	10700 400
33	9314	1.3	1	8979 335
34	9773	1.3	1	9414 359
35	9574	1.3	1	9182 392
36	9192	1.3	1	8834 358
37	6782	1.3	1	6540 242
38	7611	1.3	1	7222 389
39	6397	1.3	1	6156 241
40	6347	1.3	1	6118 229
41	5982	1.3	1	5688 294
42	5557	1.3	1	5284 273
43	5107	1.3	1	4844 263
44	4880	1.3	1	4651 229
45	4406	1.3	1	4218 188
46	3929	1.3	1	3715 214
47	3848	1.3	1	3625 223
48	3516	1.3	1	3313 203
49	3259	1.3	1	3028 231
50	2920	1.3	1	2776 144
51	2856	1.3	1	2600 256
52	2838	1.3	1	2589 249
53	2354	1.3	1	2214 140
54	3548	1.3	1	3415 133
55	809	1.3	1	720 89
56	1528	1.3	1	1422 106
57	2801	1.3	1	2593 208
58	1722	1.3	1	1593 129
59	986	1.3	1	890 96
60	1542	1.3	1	1473 69
61	1183	1.3	1	1069 114
62	869	1.3	1	809 60
63	1076	1.3	1	993 83
64	1358	1.3	1	1253 105
65	777	1.3	1	652 125
66	733	1.3	1	669 64
67	607	1.3	1	506 101
68	747	1.3	1	611 136
69	431	1.3	1	341 90
70	360	1.3	1	261 99
71	686	1.3	1	591 95
72	506	1.3	1	398 108
73	379	1.3	1	241 138
74	346	1.3	1	278 68
75	879	1.3	1	799 80
76	381	1.3	1	309 72
77	439	1.3	1	344 95
78	381	1.3	1	214 167
79	309	1.3	1	203 106
80	116	1.3	1	74 42
81	262	1.3	1	175 87
82	234	1.3	1	198 36
83	392	1.3	1	330 62
84	348	1.3	1	249 99
85	464	1.3	1	387 77
86	246	1.3	1	217 29
87	269	1.3	1	209 60
88	276	1.3	1	190 86
89	280	1.3	1	206 74
90	251	1.3	1	152 99
91	331	1.3	1	201 130
92	287	1.3	1	172 115
93	208	1.3	1	113 95
94	231	1.3	1	125 106
95	173	1.3	1	127 46
96	223	1.3	1	147 76
97	129	1.3	1	98 31
98	179	1.3	1	111 68
99	184	1.3	1	111 73
100	166	1.3	1	113 53
101	130	1.3	1	81 49
102	213	1.3	1	85 128
103	254	1.3	1	91 163
104	160	1.3	1	108 52
105	189	1.3	1	111 78
106	120	1.3	1	72 48
107	196	1.3	1	107 89
108	176	1.3	1	96 80
109	151	1.3	1	83 68
110	110	1.3	1	89 21
111	175	1.3	1	103 72
112	177	1.3	1	129 48
113	172	1.3	1	122 50
114	202	1.3	1	158 44
115	246	1.3	1	203 43
116	186	1.3	1	136 50
117	172	1.3	1	111 61
118	340	1.3	1	236 104
119	418	1.3	1	282 136
120	240	1.3	1	188 52
121	219	1.3	1	151 68
122	240	1.3	1	181 59
123	251	1.3	1	168 83
124	576	1.3	1	446 130
125	1171	1.3	1	920 251
126	2779	1.3	1	2362 417
127	359	1.3	1	270 89
128	2116	1.3	1	1954 162
129	933	1.3	1	805 128
130	295615	1.3	1	281991 13624
131	6862	1.3	1	6475 387
132	6628	1.3	1	6254 374
133	890	1.3	1	791 99
134	2129	1.3	1	1960 169
135	1010	1.3	1	902 108
136	1340	1.3	1	1236 104
137	1681	1.3	1	1557 124
138	2228	1.3	1	2095 133
139	2296	1.3	1	2186 110
140	2917	1.3	1	2724 193
141	2809	1.3	1	2559 250
142	2214	1.3	1	1018 1196
143	7700	1.3	1	7539 161
144	17367	1.3	1	17275 92
145	23204	1.3	1	23104 100
146	5958	1.3	1	5890 68
147	6691	1.3	1	6449 242
148	9052	1.3	1	8959 93
149	1032	1.3	1	887 145
150	47334	1.3	1	5343 41991

RUN STATISTICS FOR INPUT FILE: /mnt/xomics/remcovc/raw_data_recognition_2020-03/umi_extracted/026_CGTGTGTA-TTCGTTGG_L004_R1.processed.fastq.gz
=============================================
85436176 sequences processed in total

