
SUMMARISING RUN PARAMETERS
==========================
Input filename: /mnt/xomics/remcovc/raw_data_recognition_2020-03/umi_extracted/028_ATCACACG-TACGCTAC_L003_R1.processed.fastq.gz
Trimming mode: paired-end
Trim Galore version: 0.6.6
Cutadapt version: 3.4
Number of cores used for trimming: 1
Quality Phred score cutoff: 20
Quality encoding type selected: ASCII+33
Using Illumina adapter for trimming (count: 113170). Second best hit was smallRNA (count: 5)
Adapter sequence: 'AGATCGGAAGAGC' (Illumina TruSeq, Sanger iPCR; auto-detected)
Maximum trimming error rate: 0.1 (default)
Minimum required adapter overlap (stringency): 1 bp
Minimum required sequence length for both reads before a sequence pair gets removed: 20 bp
Running FastQC on the data once trimming has completed
Output file will be GZIP compressed


This is cutadapt 3.4 with Python 3.8.5
Command line parameters: -j 1 -e 0.1 -q 20 -O 1 -a AGATCGGAAGAGC /mnt/xomics/remcovc/raw_data_recognition_2020-03/umi_extracted/028_ATCACACG-TACGCTAC_L003_R1.processed.fastq.gz
Processing reads on 1 core in single-end mode ...
Finished in 842.65 s (28 µs/read; 2.13 M reads/minute).

=== Summary ===

Total reads processed:              29,877,708
Reads with adapters:                13,864,086 (46.4%)
Reads written (passing filters):    29,877,708 (100.0%)

Total basepairs processed: 4,481,656,200 bp
Quality-trimmed:               8,008,960 bp (0.2%)
Total written (filtered):  4,034,735,844 bp (90.0%)

=== Adapter 1 ===

Sequence: AGATCGGAAGAGC; Type: regular 3'; Length: 13; Trimmed: 13864086 times

No. of allowed errors:
1-9 bp: 0; 10-13 bp: 1

Bases preceding removed adapters:
  A: 26.7%
  C: 26.3%
  G: 33.5%
  T: 13.6%
  none/other: 0.0%

Overview of removed sequences
length	count	expect	max.err	error counts
1	6570439	7469427.0	0	6570439
2	1861208	1867356.8	0	1861208
3	665575	466839.2	0	665575
4	192479	116709.8	0	192479
5	88506	29177.4	0	88506
6	64928	7294.4	0	64928
7	60857	1823.6	0	60857
8	63510	455.9	0	63510
9	58163	114.0	0	57536 627
10	58694	28.5	1	56499 2195
11	55810	7.1	1	53901 1909
12	55808	1.8	1	54336 1472
13	52309	0.4	1	50941 1368
14	51742	0.4	1	50353 1389
15	50657	0.4	1	49347 1310
16	47797	0.4	1	46382 1415
17	50316	0.4	1	48605 1711
18	49832	0.4	1	48641 1191
19	40246	0.4	1	39312 934
20	45314	0.4	1	44296 1018
21	43417	0.4	1	42408 1009
22	41805	0.4	1	40944 861
23	41416	0.4	1	40371 1045
24	39754	0.4	1	38577 1177
25	37221	0.4	1	36459 762
26	33077	0.4	1	32319 758
27	35211	0.4	1	34329 882
28	33607	0.4	1	32742 865
29	32990	0.4	1	32021 969
30	33906	0.4	1	33194 712
31	28022	0.4	1	27405 617
32	29786	0.4	1	29241 545
33	27872	0.4	1	27218 654
34	27961	0.4	1	27319 642
35	30181	0.4	1	29261 920
36	21930	0.4	1	21468 462
37	23020	0.4	1	22613 407
38	23062	0.4	1	22469 593
39	21636	0.4	1	21188 448
40	21447	0.4	1	20853 594
41	21517	0.4	1	20882 635
42	19826	0.4	1	19452 374
43	18855	0.4	1	18401 454
44	18041	0.4	1	17613 428
45	17202	0.4	1	16835 367
46	16094	0.4	1	15676 418
47	15539	0.4	1	15210 329
48	14216	0.4	1	13895 321
49	13732	0.4	1	13397 335
50	13001	0.4	1	12677 324
51	12820	0.4	1	12537 283
52	12998	0.4	1	12586 412
53	10897	0.4	1	10597 300
54	17287	0.4	1	17057 230
55	3589	0.4	1	3476 113
56	8125	0.4	1	7949 176
57	14214	0.4	1	13914 300
58	8914	0.4	1	8712 202
59	5022	0.4	1	4871 151
60	8292	0.4	1	8050 242
61	6847	0.4	1	6690 157
62	5185	0.4	1	5044 141
63	6337	0.4	1	6149 188
64	8712	0.4	1	8503 209
65	4719	0.4	1	4607 112
66	4728	0.4	1	4644 84
67	4161	0.4	1	4052 109
68	4902	0.4	1	4789 113
69	2552	0.4	1	2463 89
70	1933	0.4	1	1859 74
71	5014	0.4	1	4874 140
72	3371	0.4	1	3209 162
73	2511	0.4	1	2403 108
74	2413	0.4	1	2319 94
75	35536	0.4	1	34831 705
76	6418	0.4	1	6294 124
77	3173	0.4	1	3061 112
78	1771	0.4	1	1705 66
79	1354	0.4	1	1234 120
80	1630	0.4	1	1516 114
81	2545	0.4	1	2436 109
82	2934	0.4	1	2854 80
83	3772	0.4	1	3671 101
84	3525	0.4	1	3467 58
85	3223	0.4	1	3120 103
86	3391	0.4	1	3233 158
87	2156	0.4	1	2076 80
88	1622	0.4	1	1575 47
89	1519	0.4	1	1449 70
90	1839	0.4	1	1793 46
91	1608	0.4	1	1572 36
92	1272	0.4	1	1225 47
93	866	0.4	1	823 43
94	927	0.4	1	887 40
95	1409	0.4	1	1361 48
96	1354	0.4	1	1274 80
97	845	0.4	1	796 49
98	782	0.4	1	735 47
99	526	0.4	1	488 38
100	505	0.4	1	457 48
101	525	0.4	1	480 45
102	638	0.4	1	575 63
103	432	0.4	1	387 45
104	401	0.4	1	331 70
105	467	0.4	1	396 71
106	639	0.4	1	603 36
107	730	0.4	1	682 48
108	679	0.4	1	646 33
109	1049	0.4	1	1007 42
110	1073	0.4	1	1017 56
111	1327	0.4	1	1284 43
112	1718	0.4	1	1655 63
113	2075	0.4	1	2009 66
114	2237	0.4	1	2163 74
115	2574	0.4	1	2495 79
116	1656	0.4	1	1580 76
117	1348	0.4	1	1284 64
118	3043	0.4	1	2968 75
119	3854	0.4	1	3783 71
120	2104	0.4	1	2034 70
121	2446	0.4	1	2316 130
122	2129	0.4	1	2037 92
123	2447	0.4	1	2352 95
124	2024	0.4	1	1893 131
125	3642	0.4	1	3416 226
126	5321	0.4	1	5057 264
127	3217	0.4	1	3110 107
128	4709	0.4	1	4547 162
129	5404	0.4	1	5076 328
130	589605	0.4	1	549407 40198
131	22577	0.4	1	21201 1376
132	14619	0.4	1	13836 783
133	5736	0.4	1	5491 245
134	19567	0.4	1	18614 953
135	12647	0.4	1	11994 653
136	15791	0.4	1	15327 464
137	20596	0.4	1	19769 827
138	25311	0.4	1	24136 1175
139	40969	0.4	1	39735 1234
140	30169	0.4	1	29044 1125
141	62717	0.4	1	60237 2480
142	37128	0.4	1	19734 17394
143	159681	0.4	1	157030 2651
144	343551	0.4	1	342436 1115
145	231558	0.4	1	230628 930
146	67709	0.4	1	66164 1545
147	62576	0.4	1	62029 547
148	85197	0.4	1	84628 569
149	11568	0.4	1	6709 4859
150	713327	0.4	1	65399 647928

RUN STATISTICS FOR INPUT FILE: /mnt/xomics/remcovc/raw_data_recognition_2020-03/umi_extracted/028_ATCACACG-TACGCTAC_L003_R1.processed.fastq.gz
=============================================
29877708 sequences processed in total

