
SUMMARISING RUN PARAMETERS
==========================
Input filename: /mnt/xomics/remcovc/raw_data_recognition_2020-03/umi_extracted/028_ATCACACG-TACGCTAC_L003_R3.processed.fastq.gz
Trimming mode: paired-end
Trim Galore version: 0.6.6
Cutadapt version: 3.4
Number of cores used for trimming: 1
Quality Phred score cutoff: 20
Quality encoding type selected: ASCII+33
Using Illumina adapter for trimming (count: 113170). Second best hit was smallRNA (count: 5)
Adapter sequence: 'AGATCGGAAGAGC' (Illumina TruSeq, Sanger iPCR; auto-detected)
Maximum trimming error rate: 0.1 (default)
Minimum required adapter overlap (stringency): 1 bp
Minimum required sequence length for both reads before a sequence pair gets removed: 20 bp
Running FastQC on the data once trimming has completed
Output file will be GZIP compressed


This is cutadapt 3.4 with Python 3.8.5
Command line parameters: -j 1 -e 0.1 -q 20 -O 1 -a AGATCGGAAGAGC /mnt/xomics/remcovc/raw_data_recognition_2020-03/umi_extracted/028_ATCACACG-TACGCTAC_L003_R3.processed.fastq.gz
Processing reads on 1 core in single-end mode ...
Finished in 941.97 s (32 µs/read; 1.90 M reads/minute).

=== Summary ===

Total reads processed:              29,877,708
Reads with adapters:                11,694,584 (39.1%)
Reads written (passing filters):    29,877,708 (100.0%)

Total basepairs processed: 4,481,656,200 bp
Quality-trimmed:              11,157,956 bp (0.2%)
Total written (filtered):  4,265,495,605 bp (95.2%)

=== Adapter 1 ===

Sequence: AGATCGGAAGAGC; Type: regular 3'; Length: 13; Trimmed: 11694584 times

No. of allowed errors:
1-9 bp: 0; 10-13 bp: 1

Bases preceding removed adapters:
  A: 26.0%
  C: 29.8%
  G: 26.4%
  T: 17.8%
  none/other: 0.0%

Overview of removed sequences
length	count	expect	max.err	error counts
1	6247935	7469427.0	0	6247935
2	1799756	1867356.8	0	1799756
3	543107	466839.2	0	543107
4	170399	116709.8	0	170399
5	83997	29177.4	0	83997
6	63305	7294.4	0	63305
7	59484	1823.6	0	59484
8	66582	455.9	0	66582
9	51693	114.0	0	51465 228
10	58566	28.5	1	55833 2733
11	55285	7.1	1	51965 3320
12	56523	1.8	1	53272 3251
13	51516	0.4	1	49367 2149
14	57741	0.4	1	54987 2754
15	44140	0.4	1	41999 2141
16	47693	0.4	1	45610 2083
17	56195	0.4	1	53606 2589
18	35319	0.4	1	33581 1738
19	53748	0.4	1	51375 2373
20	42847	0.4	1	40952 1895
21	37080	0.4	1	35343 1737
22	41675	0.4	1	39896 1779
23	40123	0.4	1	38280 1843
24	42525	0.4	1	39952 2573
25	38898	0.4	1	37315 1583
26	33513	0.4	1	31942 1571
27	31358	0.4	1	29631 1727
28	34765	0.4	1	33305 1460
29	30622	0.4	1	28995 1627
30	34614	0.4	1	33126 1488
31	27665	0.4	1	26438 1227
32	30045	0.4	1	28781 1264
33	27495	0.4	1	26188 1307
34	27525	0.4	1	26331 1194
35	30740	0.4	1	29249 1491
36	23369	0.4	1	21643 1726
37	24099	0.4	1	23015 1084
38	22398	0.4	1	21352 1046
39	44710	0.4	1	42977 1733
40	23404	0.4	1	22218 1186
41	11203	0.4	1	10312 891
42	23882	0.4	1	23050 832
43	16531	0.4	1	15451 1080
44	44060	0.4	1	42936 1124
45	20266	0.4	1	19418 848
46	7947	0.4	1	7340 607
47	15280	0.4	1	14716 564
48	6389	0.4	1	6017 372
49	10111	0.4	1	9688 423
50	4462	0.4	1	4211 251
51	6076	0.4	1	5745 331
52	4048	0.4	1	3790 258
53	9559	0.4	1	9195 364
54	12336	0.4	1	11994 342
55	6068	0.4	1	5766 302
56	8578	0.4	1	8250 328
57	13444	0.4	1	13108 336
58	6365	0.4	1	6088 277
59	5039	0.4	1	4837 202
60	10411	0.4	1	10076 335
61	5657	0.4	1	5436 221
62	3120	0.4	1	2951 169
63	8355	0.4	1	8082 273
64	9443	0.4	1	9134 309
65	4971	0.4	1	4773 198
66	4583	0.4	1	4393 190
67	3741	0.4	1	3542 199
68	2153	0.4	1	1943 210
69	1921	0.4	1	1688 233
70	2200	0.4	1	2045 155
71	1250	0.4	1	1168 82
72	1118	0.4	1	968 150
73	1130	0.4	1	1017 113
74	1216	0.4	1	1111 105
75	1948	0.4	1	1672 276
76	1879	0.4	1	1419 460
77	1898	0.4	1	1309 589
78	1820	0.4	1	1156 664
79	1841	0.4	1	1311 530
80	1729	0.4	1	1435 294
81	1274	0.4	1	1117 157
82	1214	0.4	1	1058 156
83	3335	0.4	1	1502 1833
84	1676	0.4	1	1118 558
85	2042	0.4	1	1283 759
86	1481	0.4	1	1104 377
87	1179	0.4	1	927 252
88	1061	0.4	1	802 259
89	895	0.4	1	723 172
90	1179	0.4	1	915 264
91	1905	0.4	1	834 1071
92	888	0.4	1	656 232
93	828	0.4	1	615 213
94	709	0.4	1	505 204
95	2272	0.4	1	969 1303
96	964	0.4	1	622 342
97	582	0.4	1	435 147
98	520	0.4	1	414 106
99	436	0.4	1	397 39
100	401	0.4	1	359 42
101	325	0.4	1	295 30
102	405	0.4	1	367 38
103	270	0.4	1	232 38
104	231	0.4	1	207 24
105	217	0.4	1	172 45
106	177	0.4	1	150 27
107	238	0.4	1	208 30
108	198	0.4	1	179 19
109	231	0.4	1	183 48
110	208	0.4	1	184 24
111	183	0.4	1	164 19
112	138	0.4	1	129 9
113	118	0.4	1	110 8
114	183	0.4	1	166 17
115	124	0.4	1	114 10
116	142	0.4	1	113 29
117	128	0.4	1	116 12
118	118	0.4	1	101 17
119	125	0.4	1	98 27
120	150	0.4	1	121 29
121	317	0.4	1	278 39
122	205	0.4	1	178 27
123	166	0.4	1	140 26
124	266	0.4	1	243 23
125	699	0.4	1	666 33
126	1054	0.4	1	1000 54
127	334	0.4	1	292 42
128	913	0.4	1	841 72
129	3980	0.4	1	3625 355
130	592203	0.4	1	580155 12048
131	20800	0.4	1	19755 1045
132	12186	0.4	1	11603 583
133	2929	0.4	1	2816 113
134	17218	0.4	1	16659 559
135	7350	0.4	1	6878 472
136	8468	0.4	1	7685 783
137	13125	0.4	1	11769 1356
138	17186	0.4	1	15478 1708
139	10614	0.4	1	9241 1373
140	9558	0.4	1	5722 3836
141	63426	0.4	1	35935 27491
142	12911	0.4	1	7305 5606
143	55191	0.4	1	24406 30785
144	83207	0.4	1	31602 51605
145	51533	0.4	1	18265 33268
146	13492	0.4	1	4765 8727
147	12764	0.4	1	4854 7910
148	29257	0.4	1	10922 18335
149	2033	0.4	1	859 1174
150	25967	0.4	1	13081 12886

RUN STATISTICS FOR INPUT FILE: /mnt/xomics/remcovc/raw_data_recognition_2020-03/umi_extracted/028_ATCACACG-TACGCTAC_L003_R3.processed.fastq.gz
=============================================
29877708 sequences processed in total

Total number of sequences analysed for the sequence pair length validation: 29877708

Number of sequence pairs removed because at least one read was shorter than the length cutoff (20 bp): 2047804 (6.85%)
