
SUMMARISING RUN PARAMETERS
==========================
Input filename: /mnt/xomics/remcovc/raw_data_recognition_2020-03/umi_extracted/029_CACCTGTT-GCTATCCT_L004_R1.processed.fastq.gz
Trimming mode: paired-end
Trim Galore version: 0.6.6
Cutadapt version: 3.4
Number of cores used for trimming: 1
Quality Phred score cutoff: 20
Quality encoding type selected: ASCII+33
Using Illumina adapter for trimming (count: 5247). Second best hit was smallRNA (count: 9)
Adapter sequence: 'AGATCGGAAGAGC' (Illumina TruSeq, Sanger iPCR; auto-detected)
Maximum trimming error rate: 0.1 (default)
Minimum required adapter overlap (stringency): 1 bp
Minimum required sequence length for both reads before a sequence pair gets removed: 20 bp
Running FastQC on the data once trimming has completed
Output file will be GZIP compressed


This is cutadapt 3.4 with Python 3.8.5
Command line parameters: -j 1 -e 0.1 -q 20 -O 1 -a AGATCGGAAGAGC /mnt/xomics/remcovc/raw_data_recognition_2020-03/umi_extracted/029_CACCTGTT-GCTATCCT_L004_R1.processed.fastq.gz
Processing reads on 1 core in single-end mode ...
Finished in 1553.02 s (31 µs/read; 1.93 M reads/minute).

=== Summary ===

Total reads processed:              49,973,142
Reads with adapters:                17,293,872 (34.6%)
Reads written (passing filters):    49,973,142 (100.0%)

Total basepairs processed: 7,495,971,300 bp
Quality-trimmed:              10,651,822 bp (0.1%)
Total written (filtered):  7,440,530,497 bp (99.3%)

=== Adapter 1 ===

Sequence: AGATCGGAAGAGC; Type: regular 3'; Length: 13; Trimmed: 17293872 times

No. of allowed errors:
1-9 bp: 0; 10-13 bp: 1

Bases preceding removed adapters:
  A: 30.5%
  C: 32.1%
  G: 24.1%
  T: 13.2%
  none/other: 0.1%

Overview of removed sequences
length	count	expect	max.err	error counts
1	11600642	12493285.5	0	11600642
2	3780176	3123321.4	0	3780176
3	1147985	780830.3	0	1147985
4	254392	195207.6	0	254392
5	74481	48801.9	0	74481
6	23266	12200.5	0	23266
7	19644	3050.1	0	19644
8	15606	762.5	0	15606
9	16051	190.6	0	14532 1519
10	15404	47.7	1	13266 2138
11	14270	11.9	1	12798 1472
12	12927	3.0	1	12318 609
13	11739	0.7	1	11386 353
14	11393	0.7	1	10914 479
15	10847	0.7	1	10506 341
16	10832	0.7	1	10431 401
17	10834	0.7	1	10329 505
18	10431	0.7	1	10080 351
19	8093	0.7	1	7829 264
20	8922	0.7	1	8609 313
21	8293	0.7	1	7996 297
22	7597	0.7	1	7341 256
23	7709	0.7	1	7419 290
24	7551	0.7	1	7206 345
25	6976	0.7	1	6670 306
26	5689	0.7	1	5517 172
27	6206	0.7	1	5948 258
28	5752	0.7	1	5508 244
29	5484	0.7	1	5210 274
30	5270	0.7	1	5106 164
31	4133	0.7	1	3967 166
32	4622	0.7	1	4441 181
33	4135	0.7	1	3944 191
34	4071	0.7	1	3876 195
35	3949	0.7	1	3764 185
36	3298	0.7	1	3147 151
37	3386	0.7	1	3211 175
38	3339	0.7	1	3125 214
39	2465	0.7	1	2351 114
40	2692	0.7	1	2529 163
41	2522	0.7	1	2395 127
42	2260	0.7	1	2124 136
43	2214	0.7	1	2077 137
44	2164	0.7	1	2008 156
45	1961	0.7	1	1779 182
46	1812	0.7	1	1682 130
47	1630	0.7	1	1497 133
48	1554	0.7	1	1387 167
49	1527	0.7	1	1387 140
50	1335	0.7	1	1226 109
51	1309	0.7	1	1175 134
52	1292	0.7	1	1149 143
53	1037	0.7	1	933 104
54	1558	0.7	1	1465 93
55	419	0.7	1	313 106
56	667	0.7	1	612 55
57	1505	0.7	1	1398 107
58	811	0.7	1	712 99
59	474	0.7	1	410 64
60	796	0.7	1	718 78
61	575	0.7	1	480 95
62	372	0.7	1	325 47
63	573	0.7	1	470 103
64	668	0.7	1	576 92
65	342	0.7	1	270 72
66	401	0.7	1	316 85
67	312	0.7	1	255 57
68	351	0.7	1	298 53
69	211	0.7	1	167 44
70	210	0.7	1	130 80
71	423	0.7	1	353 70
72	275	0.7	1	175 100
73	221	0.7	1	130 91
74	173	0.7	1	136 37
75	444	0.7	1	353 91
76	201	0.7	1	130 71
77	209	0.7	1	166 43
78	158	0.7	1	119 39
79	183	0.7	1	84 99
80	76	0.7	1	34 42
81	140	0.7	1	77 63
82	188	0.7	1	99 89
83	224	0.7	1	148 76
84	161	0.7	1	107 54
85	206	0.7	1	148 58
86	175	0.7	1	110 65
87	198	0.7	1	102 96
88	226	0.7	1	119 107
89	144	0.7	1	98 46
90	187	0.7	1	84 103
91	142	0.7	1	73 69
92	181	0.7	1	87 94
93	157	0.7	1	91 66
94	197	0.7	1	108 89
95	171	0.7	1	105 66
96	221	0.7	1	86 135
97	114	0.7	1	78 36
98	111	0.7	1	60 51
99	131	0.7	1	86 45
100	106	0.7	1	67 39
101	156	0.7	1	51 105
102	128	0.7	1	70 58
103	170	0.7	1	71 99
104	111	0.7	1	53 58
105	138	0.7	1	48 90
106	110	0.7	1	42 68
107	69	0.7	1	47 22
108	147	0.7	1	56 91
109	120	0.7	1	53 67
110	99	0.7	1	56 43
111	89	0.7	1	44 45
112	98	0.7	1	59 39
113	117	0.7	1	52 65
114	129	0.7	1	69 60
115	115	0.7	1	82 33
116	103	0.7	1	51 52
117	113	0.7	1	65 48
118	142	0.7	1	89 53
119	128	0.7	1	95 33
120	79	0.7	1	48 31
121	152	0.7	1	75 77
122	119	0.7	1	63 56
123	99	0.7	1	56 43
124	111	0.7	1	66 45
125	127	0.7	1	89 38
126	197	0.7	1	107 90
127	111	0.7	1	65 46
128	201	0.7	1	171 30
129	140	0.7	1	102 38
130	28635	0.7	1	27324 1311
131	1026	0.7	1	900 126
132	537	0.7	1	467 70
133	169	0.7	1	88 81
134	359	0.7	1	279 80
135	152	0.7	1	124 28
136	195	0.7	1	166 29
137	405	0.7	1	368 37
138	427	0.7	1	381 46
139	492	0.7	1	460 32
140	849	0.7	1	791 58
141	611	0.7	1	516 95
142	390	0.7	1	177 213
143	1364	0.7	1	1293 71
144	4126	0.7	1	4083 43
145	4947	0.7	1	4914 33
146	1135	0.7	1	1073 62
147	1178	0.7	1	1008 170
148	1735	0.7	1	1692 43
149	311	0.7	1	183 128
150	42054	0.7	1	1516 40538

RUN STATISTICS FOR INPUT FILE: /mnt/xomics/remcovc/raw_data_recognition_2020-03/umi_extracted/029_CACCTGTT-GCTATCCT_L004_R1.processed.fastq.gz
=============================================
49973142 sequences processed in total

