
SUMMARISING RUN PARAMETERS
==========================
Input filename: /mnt/xomics/remcovc/raw_data_recognition_2020-03/umi_extracted/032_AACCGTTC-TGAGCTAG_L003_R1.processed.fastq.gz
Trimming mode: paired-end
Trim Galore version: 0.6.6
Cutadapt version: 3.4
Number of cores used for trimming: 1
Quality Phred score cutoff: 20
Quality encoding type selected: ASCII+33
Using Illumina adapter for trimming (count: 2389). Second best hit was smallRNA (count: 11)
Adapter sequence: 'AGATCGGAAGAGC' (Illumina TruSeq, Sanger iPCR; auto-detected)
Maximum trimming error rate: 0.1 (default)
Minimum required adapter overlap (stringency): 1 bp
Minimum required sequence length for both reads before a sequence pair gets removed: 20 bp
Running FastQC on the data once trimming has completed
Output file will be GZIP compressed


This is cutadapt 3.4 with Python 3.8.5
Command line parameters: -j 1 -e 0.1 -q 20 -O 1 -a AGATCGGAAGAGC /mnt/xomics/remcovc/raw_data_recognition_2020-03/umi_extracted/032_AACCGTTC-TGAGCTAG_L003_R1.processed.fastq.gz
Processing reads on 1 core in single-end mode ...
Finished in 1581.25 s (31 µs/read; 1.93 M reads/minute).

=== Summary ===

Total reads processed:              50,781,622
Reads with adapters:                17,220,243 (33.9%)
Reads written (passing filters):    50,781,622 (100.0%)

Total basepairs processed: 7,617,243,300 bp
Quality-trimmed:              11,079,720 bp (0.1%)
Total written (filtered):  7,560,418,495 bp (99.3%)

=== Adapter 1 ===

Sequence: AGATCGGAAGAGC; Type: regular 3'; Length: 13; Trimmed: 17220243 times

No. of allowed errors:
1-9 bp: 0; 10-13 bp: 1

Bases preceding removed adapters:
  A: 30.4%
  C: 32.4%
  G: 23.8%
  T: 13.3%
  none/other: 0.0%

Overview of removed sequences
length	count	expect	max.err	error counts
1	11657311	12695405.5	0	11657311
2	3850053	3173851.4	0	3850053
3	1152014	793462.8	0	1152014
4	241043	198365.7	0	241043
5	61422	49591.4	0	61422
6	12083	12397.9	0	12083
7	9110	3099.5	0	9110
8	5233	774.9	0	5233
9	5908	193.7	0	4387 1521
10	6235	48.4	1	4072 2163
11	5115	12.1	1	3896 1219
12	4397	3.0	1	3931 466
13	3914	0.8	1	3648 266
14	3721	0.8	1	3437 284
15	3536	0.8	1	3317 219
16	3386	0.8	1	3137 249
17	3581	0.8	1	3328 253
18	3253	0.8	1	3123 130
19	2467	0.8	1	2330 137
20	2855	0.8	1	2686 169
21	2622	0.8	1	2431 191
22	2464	0.8	1	2282 182
23	2503	0.8	1	2314 189
24	2303	0.8	1	2093 210
25	2178	0.8	1	1971 207
26	1721	0.8	1	1609 112
27	2030	0.8	1	1886 144
28	1912	0.8	1	1723 189
29	1826	0.8	1	1673 153
30	1723	0.8	1	1611 112
31	1390	0.8	1	1282 108
32	1627	0.8	1	1429 198
33	1432	0.8	1	1212 220
34	1372	0.8	1	1255 117
35	1233	0.8	1	1106 127
36	1155	0.8	1	1059 96
37	1125	0.8	1	1008 117
38	1230	0.8	1	1047 183
39	1038	0.8	1	912 126
40	1025	0.8	1	848 177
41	850	0.8	1	718 132
42	863	0.8	1	749 114
43	862	0.8	1	740 122
44	781	0.8	1	669 112
45	850	0.8	1	691 159
46	732	0.8	1	597 135
47	738	0.8	1	600 138
48	651	0.8	1	536 115
49	631	0.8	1	492 139
50	660	0.8	1	489 171
51	649	0.8	1	517 132
52	637	0.8	1	514 123
53	548	0.8	1	418 130
54	805	0.8	1	695 110
55	238	0.8	1	164 74
56	384	0.8	1	325 59
57	850	0.8	1	707 143
58	456	0.8	1	378 78
59	333	0.8	1	196 137
60	432	0.8	1	334 98
61	398	0.8	1	278 120
62	347	0.8	1	236 111
63	338	0.8	1	257 81
64	425	0.8	1	321 104
65	274	0.8	1	176 98
66	306	0.8	1	215 91
67	244	0.8	1	166 78
68	277	0.8	1	178 99
69	153	0.8	1	86 67
70	204	0.8	1	80 124
71	305	0.8	1	222 83
72	223	0.8	1	132 91
73	153	0.8	1	100 53
74	196	0.8	1	106 90
75	444	0.8	1	324 120
76	173	0.8	1	102 71
77	208	0.8	1	144 64
78	136	0.8	1	73 63
79	185	0.8	1	56 129
80	72	0.8	1	24 48
81	120	0.8	1	55 65
82	199	0.8	1	102 97
83	134	0.8	1	106 28
84	191	0.8	1	106 85
85	223	0.8	1	131 92
86	210	0.8	1	116 94
87	213	0.8	1	119 94
88	232	0.8	1	122 110
89	210	0.8	1	123 87
90	281	0.8	1	132 149
91	163	0.8	1	115 48
92	180	0.8	1	120 60
93	139	0.8	1	92 47
94	206	0.8	1	110 96
95	195	0.8	1	128 67
96	181	0.8	1	101 80
97	165	0.8	1	114 51
98	161	0.8	1	84 77
99	153	0.8	1	86 67
100	139	0.8	1	83 56
101	213	0.8	1	95 118
102	163	0.8	1	76 87
103	218	0.8	1	92 126
104	119	0.8	1	75 44
105	130	0.8	1	71 59
106	147	0.8	1	82 65
107	164	0.8	1	76 88
108	147	0.8	1	73 74
109	142	0.8	1	66 76
110	153	0.8	1	78 75
111	136	0.8	1	76 60
112	163	0.8	1	77 86
113	149	0.8	1	92 57
114	146	0.8	1	91 55
115	126	0.8	1	86 40
116	112	0.8	1	84 28
117	125	0.8	1	78 47
118	202	0.8	1	118 84
119	187	0.8	1	127 60
120	138	0.8	1	81 57
121	136	0.8	1	90 46
122	135	0.8	1	72 63
123	148	0.8	1	76 72
124	88	0.8	1	68 20
125	139	0.8	1	79 60
126	192	0.8	1	143 49
127	118	0.8	1	75 43
128	237	0.8	1	160 77
129	166	0.8	1	113 53
130	15575	0.8	1	14796 779
131	566	0.8	1	514 52
132	555	0.8	1	512 43
133	276	0.8	1	168 108
134	272	0.8	1	221 51
135	132	0.8	1	88 44
136	169	0.8	1	146 23
137	348	0.8	1	285 63
138	1549	0.8	1	1510 39
139	1077	0.8	1	1051 26
140	4130	0.8	1	4023 107
141	942	0.8	1	864 78
142	1076	0.8	1	815 261
143	1867	0.8	1	1818 49
144	4115	0.8	1	4065 50
145	4642	0.8	1	4612 30
146	1837	0.8	1	1789 48
147	1840	0.8	1	1741 99
148	2016	0.8	1	1964 52
149	493	0.8	1	297 196
150	80075	0.8	1	1745 78330

RUN STATISTICS FOR INPUT FILE: /mnt/xomics/remcovc/raw_data_recognition_2020-03/umi_extracted/032_AACCGTTC-TGAGCTAG_L003_R1.processed.fastq.gz
=============================================
50781622 sequences processed in total

