
SUMMARISING RUN PARAMETERS
==========================
Input filename: /mnt/xomics/remcovc/raw_data_recognition_2020-03/umi_extracted/035_TGTACCGT-TCTCTAGG_L004_R1.processed.fastq.gz
Trimming mode: paired-end
Trim Galore version: 0.6.6
Cutadapt version: 3.4
Number of cores used for trimming: 1
Quality Phred score cutoff: 20
Quality encoding type selected: ASCII+33
Using Illumina adapter for trimming (count: 3769). Second best hit was smallRNA (count: 6)
Adapter sequence: 'AGATCGGAAGAGC' (Illumina TruSeq, Sanger iPCR; auto-detected)
Maximum trimming error rate: 0.1 (default)
Minimum required adapter overlap (stringency): 1 bp
Minimum required sequence length for both reads before a sequence pair gets removed: 20 bp
Running FastQC on the data once trimming has completed
Output file will be GZIP compressed


This is cutadapt 3.4 with Python 3.8.5
Command line parameters: -j 1 -e 0.1 -q 20 -O 1 -a AGATCGGAAGAGC /mnt/xomics/remcovc/raw_data_recognition_2020-03/umi_extracted/035_TGTACCGT-TCTCTAGG_L004_R1.processed.fastq.gz
Processing reads on 1 core in single-end mode ...
Finished in 1421.39 s (32 µs/read; 1.90 M reads/minute).

=== Summary ===

Total reads processed:              45,048,574
Reads with adapters:                15,440,398 (34.3%)
Reads written (passing filters):    45,048,574 (100.0%)

Total basepairs processed: 6,757,286,100 bp
Quality-trimmed:              10,463,829 bp (0.2%)
Total written (filtered):  6,687,799,525 bp (99.0%)

=== Adapter 1 ===

Sequence: AGATCGGAAGAGC; Type: regular 3'; Length: 13; Trimmed: 15440398 times

No. of allowed errors:
1-9 bp: 0; 10-13 bp: 1

Bases preceding removed adapters:
  A: 30.3%
  C: 31.7%
  G: 23.5%
  T: 13.4%
  none/other: 1.2%

Overview of removed sequences
length	count	expect	max.err	error counts
1	10381657	11262143.5	0	10381657
2	3363830	2815535.9	0	3363830
3	1020282	703884.0	0	1020282
4	217719	175971.0	0	217719
5	58135	43992.7	0	58135
6	13986	10998.2	0	13986
7	9930	2749.5	0	9930
8	7283	687.4	0	7283
9	7690	171.8	0	6437 1253
10	8066	43.0	1	6144 1922
11	6836	10.7	1	5757 1079
12	6012	2.7	1	5629 383
13	5274	0.7	1	5008 266
14	5248	0.7	1	4983 265
15	5070	0.7	1	4873 197
16	4722	0.7	1	4477 245
17	4844	0.7	1	4528 316
18	4842	0.7	1	4622 220
19	3485	0.7	1	3330 155
20	3956	0.7	1	3792 164
21	3739	0.7	1	3567 172
22	3459	0.7	1	3296 163
23	3561	0.7	1	3372 189
24	3437	0.7	1	3201 236
25	3310	0.7	1	3126 184
26	2597	0.7	1	2472 125
27	2809	0.7	1	2665 144
28	2696	0.7	1	2550 146
29	2516	0.7	1	2340 176
30	2617	0.7	1	2456 161
31	2031	0.7	1	1909 122
32	2335	0.7	1	2191 144
33	2144	0.7	1	1981 163
34	2054	0.7	1	1906 148
35	1683	0.7	1	1589 94
36	1729	0.7	1	1638 91
37	1557	0.7	1	1452 105
38	1479	0.7	1	1379 100
39	1521	0.7	1	1417 104
40	1409	0.7	1	1267 142
41	1494	0.7	1	1368 126
42	1080	0.7	1	1011 69
43	1192	0.7	1	1101 91
44	1110	0.7	1	1027 83
45	1057	0.7	1	959 98
46	1014	0.7	1	899 115
47	1063	0.7	1	959 104
48	883	0.7	1	777 106
49	845	0.7	1	767 78
50	795	0.7	1	705 90
51	780	0.7	1	687 93
52	884	0.7	1	748 136
53	660	0.7	1	576 84
54	1046	0.7	1	952 94
55	247	0.7	1	208 39
56	470	0.7	1	425 45
57	1117	0.7	1	1008 109
58	568	0.7	1	501 67
59	306	0.7	1	247 59
60	539	0.7	1	482 57
61	447	0.7	1	369 78
62	333	0.7	1	270 63
63	346	0.7	1	299 47
64	512	0.7	1	450 62
65	289	0.7	1	204 85
66	264	0.7	1	210 54
67	208	0.7	1	173 35
68	282	0.7	1	218 64
69	157	0.7	1	126 31
70	121	0.7	1	66 55
71	310	0.7	1	254 56
72	233	0.7	1	165 68
73	135	0.7	1	87 48
74	182	0.7	1	121 61
75	612	0.7	1	524 88
76	173	0.7	1	110 63
77	190	0.7	1	144 46
78	111	0.7	1	62 49
79	114	0.7	1	56 58
80	89	0.7	1	58 31
81	123	0.7	1	78 45
82	134	0.7	1	89 45
83	193	0.7	1	157 36
84	155	0.7	1	125 30
85	210	0.7	1	154 56
86	182	0.7	1	130 52
87	163	0.7	1	114 49
88	166	0.7	1	109 57
89	183	0.7	1	141 42
90	193	0.7	1	132 61
91	188	0.7	1	144 44
92	210	0.7	1	121 89
93	175	0.7	1	111 64
94	191	0.7	1	114 77
95	177	0.7	1	117 60
96	110	0.7	1	78 32
97	150	0.7	1	97 53
98	111	0.7	1	66 45
99	127	0.7	1	77 50
100	100	0.7	1	62 38
101	127	0.7	1	60 67
102	113	0.7	1	59 54
103	113	0.7	1	59 54
104	71	0.7	1	48 23
105	85	0.7	1	50 35
106	100	0.7	1	61 39
107	84	0.7	1	49 35
108	97	0.7	1	57 40
109	108	0.7	1	63 45
110	93	0.7	1	62 31
111	65	0.7	1	39 26
112	117	0.7	1	58 59
113	91	0.7	1	63 28
114	107	0.7	1	82 25
115	117	0.7	1	71 46
116	67	0.7	1	57 10
117	118	0.7	1	74 44
118	158	0.7	1	98 60
119	112	0.7	1	80 32
120	108	0.7	1	69 39
121	90	0.7	1	66 24
122	102	0.7	1	62 40
123	85	0.7	1	48 37
124	177	0.7	1	132 45
125	185	0.7	1	121 64
126	163	0.7	1	123 40
127	96	0.7	1	52 44
128	134	0.7	1	93 41
129	101	0.7	1	69 32
130	6327	0.7	1	5898 429
131	330	0.7	1	278 52
132	220	0.7	1	169 51
133	196	0.7	1	127 69
134	331	0.7	1	245 86
135	227	0.7	1	185 42
136	274	0.7	1	234 40
137	455	0.7	1	387 68
138	569	0.7	1	521 48
139	521	0.7	1	485 36
140	973	0.7	1	909 64
141	1042	0.7	1	955 87
142	1550	0.7	1	1200 350
143	2149	0.7	1	2070 79
144	5710	0.7	1	5647 63
145	5530	0.7	1	5444 86
146	2509	0.7	1	2448 61
147	2359	0.7	1	2243 116
148	2810	0.7	1	2724 86
149	872	0.7	1	443 429
150	189211	0.7	1	3495 185716

RUN STATISTICS FOR INPUT FILE: /mnt/xomics/remcovc/raw_data_recognition_2020-03/umi_extracted/035_TGTACCGT-TCTCTAGG_L004_R1.processed.fastq.gz
=============================================
45048574 sequences processed in total

