
SUMMARISING RUN PARAMETERS
==========================
Input filename: /mnt/xomics/remcovc/raw_data_recognition_2020-03/umi_extracted/037_NNNNNNNN-NNNNNNNN_L003_R3.processed.fastq.gz
Trimming mode: paired-end
Trim Galore version: 0.6.6
Cutadapt version: 3.4
Number of cores used for trimming: 1
Quality Phred score cutoff: 20
Quality encoding type selected: ASCII+33
Using Illumina adapter for trimming (count: 13602). Second best hit was smallRNA (count: 4)
Adapter sequence: 'AGATCGGAAGAGC' (Illumina TruSeq, Sanger iPCR; auto-detected)
Maximum trimming error rate: 0.1 (default)
Minimum required adapter overlap (stringency): 1 bp
Minimum required sequence length for both reads before a sequence pair gets removed: 20 bp
Running FastQC on the data once trimming has completed
Output file will be GZIP compressed


This is cutadapt 3.4 with Python 3.8.5
Command line parameters: -j 1 -e 0.1 -q 20 -O 1 -a AGATCGGAAGAGC /mnt/xomics/remcovc/raw_data_recognition_2020-03/umi_extracted/037_NNNNNNNN-NNNNNNNN_L003_R3.processed.fastq.gz
Processing reads on 1 core in single-end mode ...
Finished in 4199.63 s (46 µs/read; 1.29 M reads/minute).

=== Summary ===

Total reads processed:              90,603,740
Reads with adapters:                28,675,398 (31.6%)
Reads written (passing filters):    90,603,740 (100.0%)

Total basepairs processed: 13,590,561,000 bp
Quality-trimmed:              22,490,714 bp (0.2%)
Total written (filtered):  13,419,330,995 bp (98.7%)

=== Adapter 1 ===

Sequence: AGATCGGAAGAGC; Type: regular 3'; Length: 13; Trimmed: 28675398 times

No. of allowed errors:
1-9 bp: 0; 10-13 bp: 1

Bases preceding removed adapters:
  A: 26.2%
  C: 35.0%
  G: 22.9%
  T: 15.9%
  none/other: 0.0%

Overview of removed sequences
length	count	expect	max.err	error counts
1	18815451	22650935.0	0	18815451
2	6358176	5662733.8	0	6358176
3	1522467	1415683.4	0	1522467
4	353502	353920.9	0	353502
5	99879	88480.2	0	99879
6	36611	22120.1	0	36611
7	30489	5530.0	0	30489
8	30577	1382.5	0	30577
9	26744	345.6	0	25701 1043
10	29493	86.4	1	27168 2325
11	25692	21.6	1	23916 1776
12	27029	5.4	1	25224 1805
13	24747	1.4	1	23524 1223
14	27356	1.4	1	25892 1464
15	20739	1.4	1	19699 1040
16	22333	1.4	1	21238 1095
17	26940	1.4	1	25589 1351
18	16428	1.4	1	15547 881
19	23401	1.4	1	22121 1280
20	21150	1.4	1	20168 982
21	16428	1.4	1	15671 757
22	18728	1.4	1	17848 880
23	18720	1.4	1	17722 998
24	20031	1.4	1	18589 1442
25	18155	1.4	1	17322 833
26	16096	1.4	1	15276 820
27	15007	1.4	1	14189 818
28	16338	1.4	1	15569 769
29	13818	1.4	1	13146 672
30	14437	1.4	1	13713 724
31	14092	1.4	1	13432 660
32	12993	1.4	1	12313 680
33	13903	1.4	1	13088 815
34	13025	1.4	1	12304 721
35	13403	1.4	1	12454 949
36	20663	1.4	1	19752 911
37	8106	1.4	1	7546 560
38	13416	1.4	1	12783 633
39	7457	1.4	1	7040 417
40	13147	1.4	1	12603 544
41	6014	1.4	1	5578 436
42	16518	1.4	1	16001 517
43	5709	1.4	1	5227 482
44	21433	1.4	1	20815 618
45	9795	1.4	1	9197 598
46	5185	1.4	1	4807 378
47	6964	1.4	1	6590 374
48	2709	1.4	1	2373 336
49	5754	1.4	1	5456 298
50	1983	1.4	1	1763 220
51	2499	1.4	1	2267 232
52	1969	1.4	1	1584 385
53	5072	1.4	1	4785 287
54	7430	1.4	1	6937 493
55	2503	1.4	1	2270 233
56	4598	1.4	1	4293 305
57	9093	1.4	1	8664 429
58	3099	1.4	1	2824 275
59	2342	1.4	1	2118 224
60	6940	1.4	1	6573 367
61	2610	1.4	1	2234 376
62	1398	1.4	1	1182 216
63	5003	1.4	1	4700 303
64	7432	1.4	1	7119 313
65	1387	1.4	1	1220 167
66	1470	1.4	1	1232 238
67	896	1.4	1	776 120
68	804	1.4	1	627 177
69	666	1.4	1	533 133
70	1038	1.4	1	897 141
71	615	1.4	1	488 127
72	568	1.4	1	384 184
73	636	1.4	1	508 128
74	705	1.4	1	491 214
75	729	1.4	1	604 125
76	953	1.4	1	691 262
77	1042	1.4	1	838 204
78	1044	1.4	1	831 213
79	1202	1.4	1	975 227
80	1292	1.4	1	1036 256
81	1131	1.4	1	924 207
82	909	1.4	1	760 149
83	1040	1.4	1	858 182
84	985	1.4	1	774 211
85	1093	1.4	1	876 217
86	937	1.4	1	731 206
87	868	1.4	1	712 156
88	953	1.4	1	751 202
89	791	1.4	1	616 175
90	730	1.4	1	608 122
91	725	1.4	1	552 173
92	773	1.4	1	601 172
93	771	1.4	1	565 206
94	654	1.4	1	488 166
95	843	1.4	1	523 320
96	715	1.4	1	472 243
97	777	1.4	1	488 289
98	663	1.4	1	460 203
99	717	1.4	1	516 201
100	660	1.4	1	463 197
101	486	1.4	1	377 109
102	515	1.4	1	410 105
103	480	1.4	1	345 135
104	442	1.4	1	335 107
105	455	1.4	1	328 127
106	432	1.4	1	344 88
107	409	1.4	1	326 83
108	451	1.4	1	302 149
109	371	1.4	1	288 83
110	435	1.4	1	307 128
111	430	1.4	1	297 133
112	335	1.4	1	259 76
113	295	1.4	1	231 64
114	373	1.4	1	274 99
115	356	1.4	1	282 74
116	315	1.4	1	238 77
117	344	1.4	1	236 108
118	300	1.4	1	238 62
119	355	1.4	1	233 122
120	302	1.4	1	224 78
121	349	1.4	1	205 144
122	289	1.4	1	153 136
123	239	1.4	1	194 45
124	562	1.4	1	486 76
125	1070	1.4	1	902 168
126	1754	1.4	1	1677 77
127	301	1.4	1	243 58
128	2201	1.4	1	2041 160
129	1939	1.4	1	1739 200
130	528478	1.4	1	520587 7891
131	11547	1.4	1	11202 345
132	11100	1.4	1	10812 288
133	1599	1.4	1	1469 130
134	3529	1.4	1	3278 251
135	1651	1.4	1	1474 177
136	1695	1.4	1	1570 125
137	2189	1.4	1	1795 394
138	2744	1.4	1	2292 452
139	1909	1.4	1	1497 412
140	3082	1.4	1	1674 1408
141	9001	1.4	1	5849 3152
142	2913	1.4	1	1587 1326
143	6463	1.4	1	2982 3481
144	11420	1.4	1	3887 7533
145	15862	1.4	1	5642 10220
146	3577	1.4	1	1320 2257
147	3816	1.4	1	1762 2054
148	8652	1.4	1	3221 5431
149	3800	1.4	1	1237 2563
150	10785	1.4	1	3733 7052

RUN STATISTICS FOR INPUT FILE: /mnt/xomics/remcovc/raw_data_recognition_2020-03/umi_extracted/037_NNNNNNNN-NNNNNNNN_L003_R3.processed.fastq.gz
=============================================
90603740 sequences processed in total

Total number of sequences analysed for the sequence pair length validation: 90603740

Number of sequence pairs removed because at least one read was shorter than the length cutoff (20 bp): 1266911 (1.40%)
