
SUMMARISING RUN PARAMETERS
==========================
Input filename: /mnt/xomics/remcovc/raw_data_recognition_2020-03/umi_extracted/037_NNNNNNNN-NNNNNNNN_L003_R1.processed.fastq.gz
Trimming mode: paired-end
Trim Galore version: 0.6.6
Cutadapt version: 3.4
Number of cores used for trimming: 1
Quality Phred score cutoff: 20
Quality encoding type selected: ASCII+33
Using Illumina adapter for trimming (count: 13602). Second best hit was smallRNA (count: 4)
Adapter sequence: 'AGATCGGAAGAGC' (Illumina TruSeq, Sanger iPCR; auto-detected)
Maximum trimming error rate: 0.1 (default)
Minimum required adapter overlap (stringency): 1 bp
Minimum required sequence length for both reads before a sequence pair gets removed: 20 bp
Running FastQC on the data once trimming has completed
Output file will be GZIP compressed


This is cutadapt 3.4 with Python 3.8.5
Command line parameters: -j 1 -e 0.1 -q 20 -O 1 -a AGATCGGAAGAGC /mnt/xomics/remcovc/raw_data_recognition_2020-03/umi_extracted/037_NNNNNNNN-NNNNNNNN_L003_R1.processed.fastq.gz
Processing reads on 1 core in single-end mode ...
Finished in 2847.48 s (31 µs/read; 1.91 M reads/minute).

=== Summary ===

Total reads processed:              90,603,740
Reads with adapters:                32,741,358 (36.1%)
Reads written (passing filters):    90,603,740 (100.0%)

Total basepairs processed: 13,590,561,000 bp
Quality-trimmed:              18,054,843 bp (0.1%)
Total written (filtered):  13,250,426,845 bp (97.5%)

=== Adapter 1 ===

Sequence: AGATCGGAAGAGC; Type: regular 3'; Length: 13; Trimmed: 32741358 times

No. of allowed errors:
1-9 bp: 0; 10-13 bp: 1

Bases preceding removed adapters:
  A: 29.8%
  C: 31.3%
  G: 25.8%
  T: 13.0%
  none/other: 0.0%

Overview of removed sequences
length	count	expect	max.err	error counts
1	20670801	22650935.0	0	20670801
2	6730172	5662733.8	0	6730172
3	2088155	1415683.4	0	2088155
4	450028	353920.9	0	450028
5	130151	88480.2	0	130151
6	44461	22120.1	0	44461
7	35369	5530.0	0	35369
8	29413	1382.5	0	29413
9	30556	345.6	0	27781 2775
10	30132	86.4	1	25879 4253
11	28464	21.6	1	25438 3026
12	26823	5.4	1	25554 1269
13	24210	1.4	1	23351 859
14	24453	1.4	1	23327 1126
15	23467	1.4	1	22681 786
16	22655	1.4	1	21707 948
17	23926	1.4	1	22754 1172
18	22727	1.4	1	22007 720
19	18178	1.4	1	17606 572
20	20362	1.4	1	19702 660
21	19338	1.4	1	18502 836
22	18355	1.4	1	17755 600
23	19067	1.4	1	18260 807
24	18521	1.4	1	17439 1082
25	17444	1.4	1	16772 672
26	15100	1.4	1	14627 473
27	16547	1.4	1	15883 664
28	15496	1.4	1	14930 566
29	15211	1.4	1	14564 647
30	15496	1.4	1	15001 495
31	11980	1.4	1	11537 443
32	13866	1.4	1	13160 706
33	12694	1.4	1	12117 577
34	12637	1.4	1	12141 496
35	12388	1.4	1	11914 474
36	10921	1.4	1	10427 494
37	11812	1.4	1	11191 621
38	11237	1.4	1	10790 447
39	10049	1.4	1	9699 350
40	9409	1.4	1	9017 392
41	9786	1.4	1	9343 443
42	8996	1.4	1	8640 356
43	8919	1.4	1	8520 399
44	8390	1.4	1	8075 315
45	8092	1.4	1	7721 371
46	7838	1.4	1	7419 419
47	7335	1.4	1	6885 450
48	7037	1.4	1	6699 338
49	6742	1.4	1	6331 411
50	6579	1.4	1	6129 450
51	6393	1.4	1	6073 320
52	6612	1.4	1	6234 378
53	5329	1.4	1	5002 327
54	8413	1.4	1	8027 386
55	1703	1.4	1	1531 172
56	3939	1.4	1	3728 211
57	7228	1.4	1	6803 425
58	4276	1.4	1	3985 291
59	2887	1.4	1	2621 266
60	4317	1.4	1	4021 296
61	3102	1.4	1	2900 202
62	2541	1.4	1	2396 145
63	3145	1.4	1	2934 211
64	3631	1.4	1	3431 200
65	2090	1.4	1	1931 159
66	2252	1.4	1	2080 172
67	2004	1.4	1	1834 170
68	2153	1.4	1	1985 168
69	1312	1.4	1	1207 105
70	1101	1.4	1	930 171
71	2139	1.4	1	1946 193
72	1676	1.4	1	1432 244
73	1144	1.4	1	1012 132
74	1209	1.4	1	1090 119
75	5926	1.4	1	5665 261
76	1612	1.4	1	1431 181
77	1514	1.4	1	1385 129
78	1198	1.4	1	989 209
79	1169	1.4	1	1018 151
80	428	1.4	1	285 143
81	607	1.4	1	445 162
82	830	1.4	1	683 147
83	1299	1.4	1	1106 193
84	1221	1.4	1	1034 187
85	1467	1.4	1	1321 146
86	1176	1.4	1	1071 105
87	974	1.4	1	794 180
88	1037	1.4	1	791 246
89	829	1.4	1	720 109
90	815	1.4	1	689 126
91	884	1.4	1	701 183
92	1001	1.4	1	694 307
93	773	1.4	1	627 146
94	685	1.4	1	534 151
95	792	1.4	1	676 116
96	659	1.4	1	541 118
97	564	1.4	1	501 63
98	516	1.4	1	408 108
99	619	1.4	1	446 173
100	502	1.4	1	393 109
101	426	1.4	1	323 103
102	490	1.4	1	368 122
103	447	1.4	1	313 134
104	396	1.4	1	315 81
105	415	1.4	1	338 77
106	540	1.4	1	426 114
107	472	1.4	1	379 93
108	495	1.4	1	408 87
109	476	1.4	1	397 79
110	515	1.4	1	438 77
111	626	1.4	1	526 100
112	696	1.4	1	606 90
113	814	1.4	1	729 85
114	975	1.4	1	804 171
115	944	1.4	1	806 138
116	734	1.4	1	656 78
117	602	1.4	1	539 63
118	1083	1.4	1	994 89
119	1322	1.4	1	1222 100
120	841	1.4	1	757 84
121	819	1.4	1	674 145
122	726	1.4	1	574 152
123	733	1.4	1	611 122
124	975	1.4	1	838 137
125	1564	1.4	1	1287 277
126	2636	1.4	1	2387 249
127	1020	1.4	1	931 89
128	3032	1.4	1	2800 232
129	2019	1.4	1	1758 261
130	525773	1.4	1	501180 24593
131	11964	1.4	1	11264 700
132	11350	1.4	1	10871 479
133	2159	1.4	1	1989 170
134	4210	1.4	1	3947 263
135	2617	1.4	1	2391 226
136	3032	1.4	1	2879 153
137	4624	1.4	1	4417 207
138	5215	1.4	1	4922 293
139	6997	1.4	1	6742 255
140	9472	1.4	1	9028 444
141	9544	1.4	1	9114 430
142	6122	1.4	1	3376 2746
143	17866	1.4	1	17524 342
144	56036	1.4	1	55855 181
145	70439	1.4	1	70138 301
146	15810	1.4	1	15661 149
147	17768	1.4	1	17399 369
148	28167	1.4	1	27887 280
149	14723	1.4	1	12607 2116
150	939159	1.4	1	25498 913661

RUN STATISTICS FOR INPUT FILE: /mnt/xomics/remcovc/raw_data_recognition_2020-03/umi_extracted/037_NNNNNNNN-NNNNNNNN_L003_R1.processed.fastq.gz
=============================================
90603740 sequences processed in total

