
SUMMARISING RUN PARAMETERS
==========================
Input filename: /mnt/xomics/remcovc/raw_data_recognition_2020-03/umi_extracted/039_NNNNNNNN-NNNNNNNN_L004_R1.processed.fastq.gz
Trimming mode: paired-end
Trim Galore version: 0.6.6
Cutadapt version: 3.4
Number of cores used for trimming: 1
Quality Phred score cutoff: 20
Quality encoding type selected: ASCII+33
Using Illumina adapter for trimming (count: 15403). Second best hit was smallRNA (count: 11)
Adapter sequence: 'AGATCGGAAGAGC' (Illumina TruSeq, Sanger iPCR; auto-detected)
Maximum trimming error rate: 0.1 (default)
Minimum required adapter overlap (stringency): 1 bp
Minimum required sequence length for both reads before a sequence pair gets removed: 20 bp
Running FastQC on the data once trimming has completed
Output file will be GZIP compressed


This is cutadapt 3.4 with Python 3.8.5
Command line parameters: -j 1 -e 0.1 -q 20 -O 1 -a AGATCGGAAGAGC /mnt/xomics/remcovc/raw_data_recognition_2020-03/umi_extracted/039_NNNNNNNN-NNNNNNNN_L004_R1.processed.fastq.gz
Processing reads on 1 core in single-end mode ...
Finished in 2127.09 s (31 µs/read; 1.91 M reads/minute).

=== Summary ===

Total reads processed:              67,824,471
Reads with adapters:                25,152,113 (37.1%)
Reads written (passing filters):    67,824,471 (100.0%)

Total basepairs processed: 10,173,670,650 bp
Quality-trimmed:              14,671,196 bp (0.1%)
Total written (filtered):  9,927,499,233 bp (97.6%)

=== Adapter 1 ===

Sequence: AGATCGGAAGAGC; Type: regular 3'; Length: 13; Trimmed: 25152113 times

No. of allowed errors:
1-9 bp: 0; 10-13 bp: 1

Bases preceding removed adapters:
  A: 30.8%
  C: 29.5%
  G: 25.5%
  T: 14.1%
  none/other: 0.0%

Overview of removed sequences
length	count	expect	max.err	error counts
1	16018460	16956117.8	0	16018460
2	5027735	4239029.4	0	5027735
3	1587106	1059757.4	0	1587106
4	351051	264939.3	0	351051
5	103177	66234.8	0	103177
6	38396	16558.7	0	38396
7	32149	4139.7	0	32149
8	28159	1034.9	0	28159
9	28546	258.7	0	26502 2044
10	28072	64.7	1	24789 3283
11	27266	16.2	1	25086 2180
12	25483	4.0	1	24514 969
13	22949	1.0	1	22227 722
14	22985	1.0	1	22138 847
15	21881	1.0	1	21164 717
16	21190	1.0	1	20337 853
17	22020	1.0	1	21089 931
18	21092	1.0	1	20483 609
19	17114	1.0	1	16625 489
20	18535	1.0	1	18028 507
21	18268	1.0	1	17703 565
22	16750	1.0	1	16224 526
23	17390	1.0	1	16762 628
24	16860	1.0	1	16116 744
25	15773	1.0	1	15246 527
26	13794	1.0	1	13384 410
27	14398	1.0	1	13865 533
28	13725	1.0	1	13258 467
29	13714	1.0	1	13175 539
30	13699	1.0	1	13263 436
31	10887	1.0	1	10507 380
32	12213	1.0	1	11844 369
33	11195	1.0	1	10734 461
34	11526	1.0	1	11058 468
35	9760	1.0	1	9457 303
36	9998	1.0	1	9650 348
37	8935	1.0	1	8662 273
38	9145	1.0	1	8750 395
39	8485	1.0	1	8176 309
40	7863	1.0	1	7584 279
41	7804	1.0	1	7501 303
42	7392	1.0	1	7161 231
43	7091	1.0	1	6827 264
44	6716	1.0	1	6397 319
45	6203	1.0	1	5887 316
46	5923	1.0	1	5665 258
47	5651	1.0	1	5378 273
48	5286	1.0	1	5065 221
49	4876	1.0	1	4629 247
50	4806	1.0	1	4543 263
51	4601	1.0	1	4338 263
52	4827	1.0	1	4499 328
53	3875	1.0	1	3634 241
54	6069	1.0	1	5795 274
55	1280	1.0	1	1145 135
56	2697	1.0	1	2566 131
57	4962	1.0	1	4781 181
58	2886	1.0	1	2720 166
59	1967	1.0	1	1725 242
60	2843	1.0	1	2635 208
61	1958	1.0	1	1754 204
62	1541	1.0	1	1424 117
63	1986	1.0	1	1851 135
64	2503	1.0	1	2265 238
65	1492	1.0	1	1294 198
66	1448	1.0	1	1291 157
67	1180	1.0	1	1080 100
68	1357	1.0	1	1236 121
69	757	1.0	1	688 69
70	690	1.0	1	559 131
71	1324	1.0	1	1172 152
72	893	1.0	1	745 148
73	724	1.0	1	612 112
74	827	1.0	1	657 170
75	4495	1.0	1	4212 283
76	1123	1.0	1	1001 122
77	832	1.0	1	747 85
78	658	1.0	1	541 117
79	651	1.0	1	549 102
80	288	1.0	1	228 60
81	432	1.0	1	342 90
82	565	1.0	1	453 112
83	830	1.0	1	737 93
84	692	1.0	1	597 95
85	875	1.0	1	766 109
86	745	1.0	1	644 101
87	577	1.0	1	461 116
88	534	1.0	1	420 114
89	555	1.0	1	471 84
90	563	1.0	1	428 135
91	585	1.0	1	460 125
92	512	1.0	1	404 108
93	436	1.0	1	377 59
94	484	1.0	1	343 141
95	474	1.0	1	338 136
96	376	1.0	1	257 119
97	314	1.0	1	225 89
98	316	1.0	1	245 71
99	297	1.0	1	196 101
100	224	1.0	1	169 55
101	411	1.0	1	195 216
102	315	1.0	1	182 133
103	248	1.0	1	148 100
104	210	1.0	1	138 72
105	223	1.0	1	167 56
106	248	1.0	1	167 81
107	255	1.0	1	172 83
108	240	1.0	1	169 71
109	269	1.0	1	173 96
110	281	1.0	1	192 89
111	306	1.0	1	208 98
112	354	1.0	1	243 111
113	343	1.0	1	255 88
114	438	1.0	1	352 86
115	396	1.0	1	315 81
116	320	1.0	1	269 51
117	411	1.0	1	358 53
118	667	1.0	1	593 74
119	690	1.0	1	575 115
120	443	1.0	1	390 53
121	527	1.0	1	324 203
122	472	1.0	1	331 141
123	766	1.0	1	570 196
124	3301	1.0	1	2667 634
125	8689	1.0	1	7127 1562
126	4911	1.0	1	4244 667
127	635	1.0	1	585 50
128	1125	1.0	1	980 145
129	1688	1.0	1	1466 222
130	666294	1.0	1	628545 37749
131	11286	1.0	1	10628 658
132	7469	1.0	1	6979 490
133	1977	1.0	1	1767 210
134	3283	1.0	1	3027 256
135	1915	1.0	1	1748 167
136	2914	1.0	1	2789 125
137	3048	1.0	1	2871 177
138	4462	1.0	1	4284 178
139	4055	1.0	1	3837 218
140	4269	1.0	1	4028 241
141	5562	1.0	1	5212 350
142	6014	1.0	1	2808 3206
143	15483	1.0	1	15069 414
144	37712	1.0	1	37483 229
145	51500	1.0	1	51235 265
146	15877	1.0	1	15687 190
147	18909	1.0	1	18638 271
148	19850	1.0	1	19632 218
149	4840	1.0	1	3787 1053
150	383600	1.0	1	8948 374652

RUN STATISTICS FOR INPUT FILE: /mnt/xomics/remcovc/raw_data_recognition_2020-03/umi_extracted/039_NNNNNNNN-NNNNNNNN_L004_R1.processed.fastq.gz
=============================================
67824471 sequences processed in total

