
SUMMARISING RUN PARAMETERS
==========================
Input filename: /mnt/xomics/remcovc/raw_data_recognition_2020-03/umi_extracted/039_NNNNNNNN-NNNNNNNN_L004_R3.processed.fastq.gz
Trimming mode: paired-end
Trim Galore version: 0.6.6
Cutadapt version: 3.4
Number of cores used for trimming: 1
Quality Phred score cutoff: 20
Quality encoding type selected: ASCII+33
Using Illumina adapter for trimming (count: 15403). Second best hit was smallRNA (count: 11)
Adapter sequence: 'AGATCGGAAGAGC' (Illumina TruSeq, Sanger iPCR; auto-detected)
Maximum trimming error rate: 0.1 (default)
Minimum required adapter overlap (stringency): 1 bp
Minimum required sequence length for both reads before a sequence pair gets removed: 20 bp
Running FastQC on the data once trimming has completed
Output file will be GZIP compressed


This is cutadapt 3.4 with Python 3.8.5
Command line parameters: -j 1 -e 0.1 -q 20 -O 1 -a AGATCGGAAGAGC /mnt/xomics/remcovc/raw_data_recognition_2020-03/umi_extracted/039_NNNNNNNN-NNNNNNNN_L004_R3.processed.fastq.gz
Processing reads on 1 core in single-end mode ...
Finished in 2928.89 s (43 µs/read; 1.39 M reads/minute).

=== Summary ===

Total reads processed:              67,824,471
Reads with adapters:                22,194,859 (32.7%)
Reads written (passing filters):    67,824,471 (100.0%)

Total basepairs processed: 10,173,670,650 bp
Quality-trimmed:              18,154,476 bp (0.2%)
Total written (filtered):  10,005,470,061 bp (98.3%)

=== Adapter 1 ===

Sequence: AGATCGGAAGAGC; Type: regular 3'; Length: 13; Trimmed: 22194859 times

No. of allowed errors:
1-9 bp: 0; 10-13 bp: 1

Bases preceding removed adapters:
  A: 27.1%
  C: 33.0%
  G: 23.0%
  T: 16.9%
  none/other: 0.0%

Overview of removed sequences
length	count	expect	max.err	error counts
1	14481648	16956117.8	0	14481648
2	4666234	4239029.4	0	4666234
3	1151052	1059757.4	0	1151052
4	282174	264939.3	0	282174
5	82791	66234.8	0	82791
6	33392	16558.7	0	33392
7	29410	4139.7	0	29410
8	29603	1034.9	0	29603
9	23633	258.7	0	23043 590
10	27750	64.7	1	25666 2084
11	25062	16.2	1	23559 1503
12	25535	4.0	1	24167 1368
13	23168	1.0	1	22192 976
14	25319	1.0	1	23962 1357
15	19779	1.0	1	18927 852
16	20557	1.0	1	19724 833
17	25681	1.0	1	24442 1239
18	14342	1.0	1	13732 610
19	23532	1.0	1	22314 1218
20	18308	1.0	1	17563 745
21	14563	1.0	1	13994 569
22	17029	1.0	1	16279 750
23	17085	1.0	1	16249 836
24	18711	1.0	1	17455 1256
25	16624	1.0	1	16016 608
26	14306	1.0	1	13691 615
27	12210	1.0	1	11532 678
28	15169	1.0	1	14456 713
29	11778	1.0	1	11191 587
30	13520	1.0	1	12925 595
31	11435	1.0	1	10957 478
32	12315	1.0	1	11619 696
33	13001	1.0	1	12307 694
34	9908	1.0	1	9371 537
35	10711	1.0	1	10165 546
36	9796	1.0	1	9297 499
37	16596	1.0	1	15960 636
38	5909	1.0	1	5486 423
39	27263	1.0	1	26549 714
40	8393	1.0	1	7967 426
41	3499	1.0	1	3142 357
42	7812	1.0	1	7420 392
43	4815	1.0	1	4440 375
44	12346	1.0	1	11904 442
45	6133	1.0	1	5751 382
46	2671	1.0	1	2453 218
47	5089	1.0	1	4770 319
48	1941	1.0	1	1711 230
49	2878	1.0	1	2730 148
50	1497	1.0	1	1336 161
51	1838	1.0	1	1676 162
52	1267	1.0	1	1149 118
53	3083	1.0	1	2871 212
54	4168	1.0	1	3954 214
55	2104	1.0	1	1925 179
56	3040	1.0	1	2823 217
57	4460	1.0	1	4217 243
58	2257	1.0	1	2025 232
59	1860	1.0	1	1731 129
60	3311	1.0	1	3101 210
61	1862	1.0	1	1723 139
62	1314	1.0	1	1187 127
63	2791	1.0	1	2579 212
64	3660	1.0	1	3410 250
65	1689	1.0	1	1578 111
66	1526	1.0	1	1407 119
67	1266	1.0	1	1144 122
68	631	1.0	1	511 120
69	554	1.0	1	456 98
70	585	1.0	1	421 164
71	396	1.0	1	277 119
72	276	1.0	1	201 75
73	276	1.0	1	176 100
74	280	1.0	1	216 64
75	424	1.0	1	303 121
76	424	1.0	1	303 121
77	485	1.0	1	341 144
78	470	1.0	1	370 100
79	548	1.0	1	393 155
80	796	1.0	1	568 228
81	577	1.0	1	443 134
82	646	1.0	1	492 154
83	622	1.0	1	467 155
84	608	1.0	1	485 123
85	668	1.0	1	433 235
86	587	1.0	1	420 167
87	552	1.0	1	373 179
88	601	1.0	1	420 181
89	635	1.0	1	433 202
90	555	1.0	1	368 187
91	619	1.0	1	383 236
92	588	1.0	1	379 209
93	580	1.0	1	370 210
94	590	1.0	1	423 167
95	542	1.0	1	332 210
96	351	1.0	1	269 82
97	400	1.0	1	244 156
98	356	1.0	1	268 88
99	296	1.0	1	233 63
100	280	1.0	1	203 77
101	254	1.0	1	204 50
102	337	1.0	1	195 142
103	234	1.0	1	157 77
104	215	1.0	1	152 63
105	208	1.0	1	161 47
106	235	1.0	1	154 81
107	250	1.0	1	178 72
108	225	1.0	1	156 69
109	197	1.0	1	145 52
110	202	1.0	1	147 55
111	191	1.0	1	151 40
112	165	1.0	1	125 40
113	172	1.0	1	116 56
114	192	1.0	1	146 46
115	148	1.0	1	105 43
116	207	1.0	1	127 80
117	170	1.0	1	131 39
118	206	1.0	1	116 90
119	113	1.0	1	91 22
120	142	1.0	1	104 38
121	164	1.0	1	84 80
122	195	1.0	1	137 58
123	504	1.0	1	467 37
124	3250	1.0	1	3187 63
125	8964	1.0	1	8809 155
126	4737	1.0	1	4598 139
127	405	1.0	1	365 40
128	882	1.0	1	817 65
129	2064	1.0	1	1955 109
130	674462	1.0	1	665971 8491
131	11086	1.0	1	10693 393
132	7207	1.0	1	6944 263
133	1543	1.0	1	1446 97
134	2894	1.0	1	2751 143
135	1322	1.0	1	1151 171
136	1964	1.0	1	1777 187
137	1828	1.0	1	1586 242
138	3215	1.0	1	2963 252
139	2288	1.0	1	1930 358
140	2227	1.0	1	1402 825
141	3707	1.0	1	2687 1020
142	1383	1.0	1	976 407
143	4254	1.0	1	2214 2040
144	7569	1.0	1	2436 5133
145	11077	1.0	1	3617 7460
146	3200	1.0	1	1289 1911
147	3783	1.0	1	1548 2235
148	5845	1.0	1	2221 3624
149	1300	1.0	1	656 644
150	5210	1.0	1	2226 2984

RUN STATISTICS FOR INPUT FILE: /mnt/xomics/remcovc/raw_data_recognition_2020-03/umi_extracted/039_NNNNNNNN-NNNNNNNN_L004_R3.processed.fastq.gz
=============================================
67824471 sequences processed in total

Total number of sequences analysed for the sequence pair length validation: 67824471

Number of sequence pairs removed because at least one read was shorter than the length cutoff (20 bp): 620411 (0.91%)
