
SUMMARISING RUN PARAMETERS
==========================
Input filename: /mnt/xomics/remcovc/raw_data_recognition_2020-03/umi_extracted/040_ATCTCGCT-GCCTTGTT_L003_R1.processed.fastq.gz
Trimming mode: paired-end
Trim Galore version: 0.6.6
Cutadapt version: 3.4
Number of cores used for trimming: 1
Quality Phred score cutoff: 20
Quality encoding type selected: ASCII+33
Using Illumina adapter for trimming (count: 4359). Second best hit was Nextera (count: 3)
Adapter sequence: 'AGATCGGAAGAGC' (Illumina TruSeq, Sanger iPCR; auto-detected)
Maximum trimming error rate: 0.1 (default)
Minimum required adapter overlap (stringency): 1 bp
Minimum required sequence length for both reads before a sequence pair gets removed: 20 bp
Running FastQC on the data once trimming has completed
Output file will be GZIP compressed


This is cutadapt 3.4 with Python 3.8.5
Command line parameters: -j 1 -e 0.1 -q 20 -O 1 -a AGATCGGAAGAGC /mnt/xomics/remcovc/raw_data_recognition_2020-03/umi_extracted/040_ATCTCGCT-GCCTTGTT_L003_R1.processed.fastq.gz
Processing reads on 1 core in single-end mode ...
Finished in 1188.91 s (32 µs/read; 1.85 M reads/minute).

=== Summary ===

Total reads processed:              36,618,384
Reads with adapters:                12,570,953 (34.3%)
Reads written (passing filters):    36,618,384 (100.0%)

Total basepairs processed: 5,492,757,600 bp
Quality-trimmed:               8,801,128 bp (0.2%)
Total written (filtered):  5,424,004,974 bp (98.7%)

=== Adapter 1 ===

Sequence: AGATCGGAAGAGC; Type: regular 3'; Length: 13; Trimmed: 12570953 times

No. of allowed errors:
1-9 bp: 0; 10-13 bp: 1

Bases preceding removed adapters:
  A: 30.2%
  C: 32.2%
  G: 23.7%
  T: 13.8%
  none/other: 0.0%

Overview of removed sequences
length	count	expect	max.err	error counts
1	8426205	9154596.0	0	8426205
2	2747515	2288649.0	0	2747515
3	811865	572162.2	0	811865
4	172180	143040.6	0	172180
5	43100	35760.1	0	43100
6	7959	8940.0	0	7959
7	4823	2235.0	0	4823
8	2994	558.8	0	2994
9	3720	139.7	0	2556 1164
10	3699	34.9	1	2340 1359
11	3031	8.7	1	2221 810
12	2567	2.2	1	2278 289
13	2311	0.5	1	2153 158
14	2427	0.5	1	2257 170
15	2198	0.5	1	2067 131
16	2130	0.5	1	1971 159
17	2295	0.5	1	2097 198
18	2134	0.5	1	2003 131
19	1629	0.5	1	1527 102
20	1839	0.5	1	1729 110
21	1859	0.5	1	1709 150
22	1640	0.5	1	1515 125
23	1822	0.5	1	1665 157
24	1781	0.5	1	1599 182
25	1664	0.5	1	1484 180
26	1294	0.5	1	1201 93
27	1580	0.5	1	1424 156
28	1377	0.5	1	1255 122
29	1386	0.5	1	1254 132
30	1502	0.5	1	1359 143
31	1057	0.5	1	987 70
32	1323	0.5	1	1174 149
33	1185	0.5	1	1073 112
34	1184	0.5	1	1080 104
35	1425	0.5	1	1277 148
36	846	0.5	1	778 68
37	1108	0.5	1	963 145
38	876	0.5	1	786 90
39	1097	0.5	1	984 113
40	956	0.5	1	862 94
41	968	0.5	1	858 110
42	840	0.5	1	760 80
43	838	0.5	1	734 104
44	856	0.5	1	757 99
45	777	0.5	1	670 107
46	859	0.5	1	730 129
47	753	0.5	1	647 106
48	727	0.5	1	631 96
49	727	0.5	1	608 119
50	732	0.5	1	610 122
51	778	0.5	1	661 117
52	817	0.5	1	702 115
53	633	0.5	1	544 89
54	967	0.5	1	848 119
55	231	0.5	1	178 53
56	516	0.5	1	428 88
57	1128	0.5	1	996 132
58	621	0.5	1	517 104
59	309	0.5	1	233 76
60	557	0.5	1	472 85
61	480	0.5	1	399 81
62	330	0.5	1	263 67
63	455	0.5	1	377 78
64	599	0.5	1	517 82
65	267	0.5	1	200 67
66	287	0.5	1	234 53
67	258	0.5	1	194 64
68	283	0.5	1	244 39
69	141	0.5	1	108 33
70	169	0.5	1	100 69
71	370	0.5	1	294 76
72	233	0.5	1	167 66
73	138	0.5	1	94 44
74	172	0.5	1	134 38
75	796	0.5	1	723 73
76	256	0.5	1	190 66
77	235	0.5	1	163 72
78	176	0.5	1	108 68
79	102	0.5	1	64 38
80	104	0.5	1	54 50
81	129	0.5	1	74 55
82	168	0.5	1	126 42
83	206	0.5	1	158 48
84	202	0.5	1	150 52
85	243	0.5	1	174 69
86	212	0.5	1	152 60
87	206	0.5	1	138 68
88	204	0.5	1	136 68
89	169	0.5	1	117 52
90	210	0.5	1	143 67
91	197	0.5	1	140 57
92	201	0.5	1	127 74
93	163	0.5	1	113 50
94	179	0.5	1	105 74
95	218	0.5	1	160 58
96	178	0.5	1	118 60
97	166	0.5	1	112 54
98	171	0.5	1	98 73
99	132	0.5	1	92 40
100	139	0.5	1	100 39
101	136	0.5	1	56 80
102	178	0.5	1	109 69
103	151	0.5	1	82 69
104	147	0.5	1	97 50
105	111	0.5	1	68 43
106	133	0.5	1	86 47
107	119	0.5	1	80 39
108	112	0.5	1	81 31
109	124	0.5	1	72 52
110	119	0.5	1	89 30
111	128	0.5	1	85 43
112	149	0.5	1	89 60
113	137	0.5	1	85 52
114	147	0.5	1	107 40
115	148	0.5	1	94 54
116	120	0.5	1	82 38
117	122	0.5	1	76 46
118	179	0.5	1	114 65
119	195	0.5	1	122 73
120	148	0.5	1	103 45
121	134	0.5	1	84 50
122	111	0.5	1	75 36
123	118	0.5	1	72 46
124	164	0.5	1	102 62
125	289	0.5	1	192 97
126	586	0.5	1	478 108
127	147	0.5	1	78 69
128	253	0.5	1	182 71
129	173	0.5	1	145 28
130	34668	0.5	1	32992 1676
131	775	0.5	1	696 79
132	596	0.5	1	527 69
133	242	0.5	1	183 59
134	564	0.5	1	503 61
135	369	0.5	1	317 52
136	471	0.5	1	438 33
137	554	0.5	1	513 41
138	871	0.5	1	795 76
139	898	0.5	1	861 37
140	1120	0.5	1	1048 72
141	1193	0.5	1	1131 62
142	831	0.5	1	537 294
143	2100	0.5	1	2004 96
144	5885	0.5	1	5838 47
145	5650	0.5	1	5597 53
146	2308	0.5	1	2252 56
147	2754	0.5	1	2618 136
148	2579	0.5	1	2517 62
149	1238	0.5	1	853 385
150	202748	0.5	1	3617 199131

RUN STATISTICS FOR INPUT FILE: /mnt/xomics/remcovc/raw_data_recognition_2020-03/umi_extracted/040_ATCTCGCT-GCCTTGTT_L003_R1.processed.fastq.gz
=============================================
36618384 sequences processed in total

