
SUMMARISING RUN PARAMETERS
==========================
Input filename: /mnt/xomics/remcovc/raw_data_recognition_2020-03/umi_extracted/041_AGTTACGG-TTGGTCTC_L003_R1.processed.fastq.gz
Trimming mode: paired-end
Trim Galore version: 0.6.6
Cutadapt version: 3.4
Number of cores used for trimming: 1
Quality Phred score cutoff: 20
Quality encoding type selected: ASCII+33
Using Illumina adapter for trimming (count: 8431). Second best hit was smallRNA (count: 11)
Adapter sequence: 'AGATCGGAAGAGC' (Illumina TruSeq, Sanger iPCR; auto-detected)
Maximum trimming error rate: 0.1 (default)
Minimum required adapter overlap (stringency): 1 bp
Minimum required sequence length for both reads before a sequence pair gets removed: 20 bp
Running FastQC on the data once trimming has completed
Output file will be GZIP compressed


This is cutadapt 3.4 with Python 3.8.5
Command line parameters: -j 1 -e 0.1 -q 20 -O 1 -a AGATCGGAAGAGC /mnt/xomics/remcovc/raw_data_recognition_2020-03/umi_extracted/041_AGTTACGG-TTGGTCTC_L003_R1.processed.fastq.gz
Processing reads on 1 core in single-end mode ...
Finished in 974.06 s (31 µs/read; 1.95 M reads/minute).

=== Summary ===

Total reads processed:              31,620,955
Reads with adapters:                11,023,242 (34.9%)
Reads written (passing filters):    31,620,955 (100.0%)

Total basepairs processed: 4,743,143,250 bp
Quality-trimmed:               7,916,116 bp (0.2%)
Total written (filtered):  4,686,361,902 bp (98.8%)

=== Adapter 1 ===

Sequence: AGATCGGAAGAGC; Type: regular 3'; Length: 13; Trimmed: 11023242 times

No. of allowed errors:
1-9 bp: 0; 10-13 bp: 1

Bases preceding removed adapters:
  A: 30.8%
  C: 31.3%
  G: 23.6%
  T: 14.2%
  none/other: 0.0%

Overview of removed sequences
length	count	expect	max.err	error counts
1	7338926	7905238.8	0	7338926
2	2344255	1976309.7	0	2344255
3	712745	494077.4	0	712745
4	155652	123519.4	0	155652
5	43995	30879.8	0	43995
6	14243	7720.0	0	14243
7	12089	1930.0	0	12089
8	10083	482.5	0	10083
9	9740	120.6	0	8956 784
10	9859	30.2	1	8459 1400
11	9081	7.5	1	8229 852
12	8219	1.9	1	7817 402
13	7732	0.5	1	7411 321
14	7309	0.5	1	6993 316
15	7157	0.5	1	6831 326
16	6526	0.5	1	6227 299
17	6986	0.5	1	6618 368
18	6842	0.5	1	6599 243
19	5169	0.5	1	4991 178
20	5742	0.5	1	5538 204
21	5261	0.5	1	5045 216
22	5118	0.5	1	4917 201
23	5009	0.5	1	4808 201
24	4876	0.5	1	4592 284
25	4696	0.5	1	4496 200
26	3796	0.5	1	3633 163
27	4146	0.5	1	3957 189
28	3992	0.5	1	3825 167
29	3756	0.5	1	3577 179
30	3705	0.5	1	3549 156
31	2957	0.5	1	2814 143
32	3166	0.5	1	3040 126
33	2976	0.5	1	2809 167
34	2867	0.5	1	2725 142
35	2794	0.5	1	2645 149
36	2501	0.5	1	2422 79
37	2448	0.5	1	2339 109
38	2369	0.5	1	2238 131
39	2234	0.5	1	2102 132
40	2071	0.5	1	1931 140
41	2013	0.5	1	1908 105
42	1800	0.5	1	1716 84
43	1778	0.5	1	1667 111
44	1652	0.5	1	1583 69
45	1495	0.5	1	1408 87
46	1462	0.5	1	1360 102
47	1397	0.5	1	1321 76
48	1230	0.5	1	1155 75
49	1250	0.5	1	1157 93
50	1246	0.5	1	1139 107
51	1124	0.5	1	1051 73
52	1245	0.5	1	1117 128
53	860	0.5	1	782 78
54	1522	0.5	1	1420 102
55	269	0.5	1	226 43
56	651	0.5	1	618 33
57	1552	0.5	1	1444 108
58	756	0.5	1	698 58
59	395	0.5	1	349 46
60	670	0.5	1	619 51
61	531	0.5	1	473 58
62	407	0.5	1	364 43
63	470	0.5	1	418 52
64	709	0.5	1	667 42
65	293	0.5	1	259 34
66	363	0.5	1	315 48
67	268	0.5	1	238 30
68	313	0.5	1	277 36
69	135	0.5	1	114 21
70	169	0.5	1	106 63
71	350	0.5	1	296 54
72	215	0.5	1	181 34
73	171	0.5	1	130 41
74	152	0.5	1	117 35
75	641	0.5	1	580 61
76	193	0.5	1	151 42
77	194	0.5	1	159 35
78	102	0.5	1	78 24
79	119	0.5	1	62 57
80	80	0.5	1	42 38
81	119	0.5	1	92 27
82	136	0.5	1	103 33
83	183	0.5	1	144 39
84	176	0.5	1	130 46
85	323	0.5	1	279 44
86	247	0.5	1	211 36
87	168	0.5	1	123 45
88	164	0.5	1	133 31
89	156	0.5	1	138 18
90	163	0.5	1	113 50
91	128	0.5	1	105 23
92	135	0.5	1	81 54
93	141	0.5	1	76 65
94	138	0.5	1	80 58
95	127	0.5	1	96 31
96	109	0.5	1	71 38
97	108	0.5	1	72 36
98	113	0.5	1	55 58
99	95	0.5	1	70 25
100	88	0.5	1	62 26
101	96	0.5	1	59 37
102	110	0.5	1	56 54
103	87	0.5	1	52 35
104	97	0.5	1	52 45
105	75	0.5	1	44 31
106	126	0.5	1	66 60
107	102	0.5	1	68 34
108	91	0.5	1	56 35
109	86	0.5	1	62 24
110	95	0.5	1	67 28
111	90	0.5	1	57 33
112	121	0.5	1	68 53
113	119	0.5	1	64 55
114	137	0.5	1	111 26
115	160	0.5	1	112 48
116	88	0.5	1	69 19
117	146	0.5	1	116 30
118	150	0.5	1	109 41
119	188	0.5	1	146 42
120	148	0.5	1	121 27
121	111	0.5	1	89 22
122	103	0.5	1	72 31
123	118	0.5	1	82 36
124	88	0.5	1	75 13
125	113	0.5	1	86 27
126	137	0.5	1	100 37
127	128	0.5	1	98 30
128	170	0.5	1	135 35
129	190	0.5	1	152 38
130	31354	0.5	1	29873 1481
131	1088	0.5	1	1016 72
132	813	0.5	1	748 65
133	244	0.5	1	172 72
134	735	0.5	1	694 41
135	665	0.5	1	621 44
136	811	0.5	1	774 37
137	924	0.5	1	850 74
138	1971	0.5	1	1869 102
139	1618	0.5	1	1568 50
140	1538	0.5	1	1464 74
141	1517	0.5	1	1421 96
142	1171	0.5	1	818 353
143	2719	0.5	1	2644 75
144	5632	0.5	1	5590 42
145	18632	0.5	1	18568 64
146	3585	0.5	1	3529 56
147	2733	0.5	1	2674 59
148	2110	0.5	1	2060 50
149	1065	0.5	1	869 196
150	112500	0.5	1	2729 109771

RUN STATISTICS FOR INPUT FILE: /mnt/xomics/remcovc/raw_data_recognition_2020-03/umi_extracted/041_AGTTACGG-TTGGTCTC_L003_R1.processed.fastq.gz
=============================================
31620955 sequences processed in total

