
SUMMARISING RUN PARAMETERS
==========================
Input filename: /mnt/xomics/remcovc/raw_data_recognition_2020-03/umi_extracted/042_AGTTGGCT-ATGGTTGC_L004_R1.processed.fastq.gz
Trimming mode: paired-end
Trim Galore version: 0.6.6
Cutadapt version: 3.4
Number of cores used for trimming: 1
Quality Phred score cutoff: 20
Quality encoding type selected: ASCII+33
Using Illumina adapter for trimming (count: 3283). Second best hit was smallRNA (count: 4)
Adapter sequence: 'AGATCGGAAGAGC' (Illumina TruSeq, Sanger iPCR; auto-detected)
Maximum trimming error rate: 0.1 (default)
Minimum required adapter overlap (stringency): 1 bp
Minimum required sequence length for both reads before a sequence pair gets removed: 20 bp
Running FastQC on the data once trimming has completed
Output file will be GZIP compressed


This is cutadapt 3.4 with Python 3.8.5
Command line parameters: -j 1 -e 0.1 -q 20 -O 1 -a AGATCGGAAGAGC /mnt/xomics/remcovc/raw_data_recognition_2020-03/umi_extracted/042_AGTTGGCT-ATGGTTGC_L004_R1.processed.fastq.gz
Processing reads on 1 core in single-end mode ...
Finished in 2274.52 s (32 µs/read; 1.89 M reads/minute).

=== Summary ===

Total reads processed:              71,691,163
Reads with adapters:                24,618,921 (34.3%)
Reads written (passing filters):    71,691,163 (100.0%)

Total basepairs processed: 10,753,674,450 bp
Quality-trimmed:              15,769,207 bp (0.1%)
Total written (filtered):  10,683,124,042 bp (99.3%)

=== Adapter 1 ===

Sequence: AGATCGGAAGAGC; Type: regular 3'; Length: 13; Trimmed: 24618921 times

No. of allowed errors:
1-9 bp: 0; 10-13 bp: 1

Bases preceding removed adapters:
  A: 30.9%
  C: 32.0%
  G: 23.6%
  T: 13.5%
  none/other: 0.0%

Overview of removed sequences
length	count	expect	max.err	error counts
1	16764884	17922790.8	0	16764884
2	5411702	4480697.7	0	5411702
3	1630837	1120174.4	0	1630837
4	350705	280043.6	0	350705
5	92833	70010.9	0	92833
6	22095	17502.7	0	22095
7	16127	4375.7	0	16127
8	11452	1093.9	0	11452
9	11961	273.5	0	10051 1910
10	12484	68.4	1	9221 3263
11	10815	17.1	1	9309 1506
12	9436	4.3	1	8878 558
13	8298	1.1	1	7934 364
14	8096	1.1	1	7721 375
15	7817	1.1	1	7539 278
16	7172	1.1	1	6853 319
17	7547	1.1	1	7135 412
18	7499	1.1	1	7184 315
19	5576	1.1	1	5333 243
20	6459	1.1	1	6190 269
21	5829	1.1	1	5498 331
22	5641	1.1	1	5405 236
23	5535	1.1	1	5290 245
24	5233	1.1	1	4864 369
25	4867	1.1	1	4586 281
26	4085	1.1	1	3947 138
27	4423	1.1	1	4181 242
28	4064	1.1	1	3869 195
29	3906	1.1	1	3655 251
30	3856	1.1	1	3670 186
31	3174	1.1	1	2916 258
32	3348	1.1	1	3115 233
33	2910	1.1	1	2680 230
34	3024	1.1	1	2774 250
35	2936	1.1	1	2713 223
36	2706	1.1	1	2485 221
37	2352	1.1	1	2223 129
38	2204	1.1	1	2090 114
39	2282	1.1	1	2053 229
40	2051	1.1	1	1829 222
41	1940	1.1	1	1760 180
42	1940	1.1	1	1780 160
43	1750	1.1	1	1516 234
44	1561	1.1	1	1464 97
45	1587	1.1	1	1424 163
46	1531	1.1	1	1301 230
47	1356	1.1	1	1214 142
48	1269	1.1	1	1075 194
49	1156	1.1	1	1043 113
50	1216	1.1	1	967 249
51	1032	1.1	1	932 100
52	1221	1.1	1	1024 197
53	890	1.1	1	764 126
54	1337	1.1	1	1205 132
55	340	1.1	1	257 83
56	595	1.1	1	507 88
57	1293	1.1	1	1078 215
58	774	1.1	1	620 154
59	446	1.1	1	342 104
60	666	1.1	1	598 68
61	530	1.1	1	445 85
62	389	1.1	1	295 94
63	441	1.1	1	355 86
64	590	1.1	1	488 102
65	342	1.1	1	236 106
66	393	1.1	1	307 86
67	283	1.1	1	221 62
68	325	1.1	1	257 68
69	196	1.1	1	135 61
70	230	1.1	1	91 139
71	317	1.1	1	254 63
72	282	1.1	1	197 85
73	211	1.1	1	107 104
74	230	1.1	1	152 78
75	399	1.1	1	316 83
76	277	1.1	1	130 147
77	243	1.1	1	177 66
78	234	1.1	1	144 90
79	230	1.1	1	81 149
80	189	1.1	1	31 158
81	112	1.1	1	51 61
82	148	1.1	1	88 60
83	165	1.1	1	111 54
84	232	1.1	1	118 114
85	260	1.1	1	173 87
86	225	1.1	1	168 57
87	211	1.1	1	130 81
88	232	1.1	1	113 119
89	186	1.1	1	118 68
90	220	1.1	1	135 85
91	188	1.1	1	114 74
92	198	1.1	1	108 90
93	264	1.1	1	106 158
94	213	1.1	1	97 116
95	166	1.1	1	103 63
96	171	1.1	1	99 72
97	141	1.1	1	76 65
98	174	1.1	1	82 92
99	176	1.1	1	83 93
100	127	1.1	1	85 42
101	169	1.1	1	74 95
102	208	1.1	1	116 92
103	211	1.1	1	92 119
104	137	1.1	1	79 58
105	128	1.1	1	63 65
106	160	1.1	1	80 80
107	108	1.1	1	65 43
108	154	1.1	1	66 88
109	178	1.1	1	72 106
110	119	1.1	1	72 47
111	126	1.1	1	63 63
112	235	1.1	1	72 163
113	232	1.1	1	81 151
114	191	1.1	1	78 113
115	163	1.1	1	61 102
116	124	1.1	1	61 63
117	114	1.1	1	69 45
118	161	1.1	1	84 77
119	144	1.1	1	77 67
120	87	1.1	1	56 31
121	278	1.1	1	68 210
122	112	1.1	1	61 51
123	264	1.1	1	65 199
124	142	1.1	1	122 20
125	550	1.1	1	385 165
126	1293	1.1	1	1083 210
127	174	1.1	1	103 71
128	711	1.1	1	607 104
129	214	1.1	1	162 52
130	51699	1.1	1	49526 2173
131	1153	1.1	1	989 164
132	892	1.1	1	788 104
133	286	1.1	1	138 148
134	263	1.1	1	190 73
135	187	1.1	1	154 33
136	166	1.1	1	140 26
137	284	1.1	1	209 75
138	268	1.1	1	232 36
139	420	1.1	1	343 77
140	502	1.1	1	358 144
141	435	1.1	1	362 73
142	666	1.1	1	228 438
143	802	1.1	1	766 36
144	2256	1.1	1	2195 61
145	7481	1.1	1	7411 70
146	1282	1.1	1	1230 52
147	1644	1.1	1	1538 106
148	939	1.1	1	929 10
149	244	1.1	1	162 82
150	27904	1.1	1	1095 26809

RUN STATISTICS FOR INPUT FILE: /mnt/xomics/remcovc/raw_data_recognition_2020-03/umi_extracted/042_AGTTGGCT-ATGGTTGC_L004_R1.processed.fastq.gz
=============================================
71691163 sequences processed in total

