
SUMMARISING RUN PARAMETERS
==========================
Input filename: /mnt/xomics/remcovc/raw_data_recognition_2020-03/umi_extracted/044_GTGGTGTT-CTTACAGC_L003_R1.processed.fastq.gz
Trimming mode: paired-end
Trim Galore version: 0.6.6
Cutadapt version: 3.4
Number of cores used for trimming: 1
Quality Phred score cutoff: 20
Quality encoding type selected: ASCII+33
Using Illumina adapter for trimming (count: 9686). Second best hit was smallRNA (count: 6)
Adapter sequence: 'AGATCGGAAGAGC' (Illumina TruSeq, Sanger iPCR; auto-detected)
Maximum trimming error rate: 0.1 (default)
Minimum required adapter overlap (stringency): 1 bp
Minimum required sequence length for both reads before a sequence pair gets removed: 20 bp
Running FastQC on the data once trimming has completed
Output file will be GZIP compressed


This is cutadapt 3.4 with Python 3.8.5
Command line parameters: -j 1 -e 0.1 -q 20 -O 1 -a AGATCGGAAGAGC /mnt/xomics/remcovc/raw_data_recognition_2020-03/umi_extracted/044_GTGGTGTT-CTTACAGC_L003_R1.processed.fastq.gz
Processing reads on 1 core in single-end mode ...
Finished in 976.64 s (31 µs/read; 1.96 M reads/minute).

=== Summary ===

Total reads processed:              31,938,090
Reads with adapters:                11,139,050 (34.9%)
Reads written (passing filters):    31,938,090 (100.0%)

Total basepairs processed: 4,790,713,500 bp
Quality-trimmed:               7,239,535 bp (0.2%)
Total written (filtered):  4,731,331,120 bp (98.8%)

=== Adapter 1 ===

Sequence: AGATCGGAAGAGC; Type: regular 3'; Length: 13; Trimmed: 11139050 times

No. of allowed errors:
1-9 bp: 0; 10-13 bp: 1

Bases preceding removed adapters:
  A: 30.6%
  C: 31.6%
  G: 24.5%
  T: 13.3%
  none/other: 0.0%

Overview of removed sequences
length	count	expect	max.err	error counts
1	7375292	7984522.5	0	7375292
2	2371183	1996130.6	0	2371183
3	728281	499032.7	0	728281
4	159953	124758.2	0	159953
5	46853	31189.5	0	46853
6	16149	7797.4	0	16149
7	13390	1949.3	0	13390
8	11365	487.3	0	11365
9	10653	121.8	0	9835 818
10	11070	30.5	1	9557 1513
11	9725	7.6	1	8743 982
12	9274	1.9	1	8801 473
13	8327	0.5	1	7968 359
14	8212	0.5	1	7875 337
15	7549	0.5	1	7284 265
16	7158	0.5	1	6833 325
17	7377	0.5	1	6958 419
18	7197	0.5	1	6914 283
19	5480	0.5	1	5271 209
20	5766	0.5	1	5550 216
21	5504	0.5	1	5278 226
22	5108	0.5	1	4898 210
23	5017	0.5	1	4810 207
24	4976	0.5	1	4711 265
25	4426	0.5	1	4225 201
26	3786	0.5	1	3644 142
27	4028	0.5	1	3833 195
28	3664	0.5	1	3504 160
29	3396	0.5	1	3254 142
30	3516	0.5	1	3362 154
31	2794	0.5	1	2657 137
32	2985	0.5	1	2852 133
33	2633	0.5	1	2498 135
34	2715	0.5	1	2575 140
35	2593	0.5	1	2474 119
36	1947	0.5	1	1886 61
37	2168	0.5	1	2071 97
38	2128	0.5	1	2001 127
39	1714	0.5	1	1636 78
40	1748	0.5	1	1648 100
41	1629	0.5	1	1548 81
42	1503	0.5	1	1418 85
43	1401	0.5	1	1317 84
44	1266	0.5	1	1212 54
45	1162	0.5	1	1115 47
46	1119	0.5	1	1028 91
47	1055	0.5	1	963 92
48	908	0.5	1	856 52
49	893	0.5	1	835 58
50	811	0.5	1	744 67
51	740	0.5	1	686 54
52	811	0.5	1	703 108
53	672	0.5	1	622 50
54	1090	0.5	1	1038 52
55	225	0.5	1	180 45
56	468	0.5	1	425 43
57	952	0.5	1	885 67
58	561	0.5	1	497 64
59	260	0.5	1	228 32
60	523	0.5	1	459 64
61	373	0.5	1	325 48
62	256	0.5	1	206 50
63	358	0.5	1	321 37
64	425	0.5	1	381 44
65	246	0.5	1	220 26
66	222	0.5	1	195 27
67	212	0.5	1	173 39
68	248	0.5	1	214 34
69	104	0.5	1	79 25
70	118	0.5	1	59 59
71	245	0.5	1	225 20
72	182	0.5	1	141 41
73	117	0.5	1	84 33
74	115	0.5	1	91 24
75	765	0.5	1	694 71
76	195	0.5	1	158 37
77	155	0.5	1	127 28
78	113	0.5	1	66 47
79	107	0.5	1	50 57
80	73	0.5	1	35 38
81	118	0.5	1	79 39
82	114	0.5	1	100 14
83	184	0.5	1	150 34
84	154	0.5	1	119 35
85	217	0.5	1	188 29
86	166	0.5	1	135 31
87	136	0.5	1	90 46
88	116	0.5	1	79 37
89	127	0.5	1	107 20
90	103	0.5	1	63 40
91	121	0.5	1	90 31
92	133	0.5	1	84 49
93	104	0.5	1	64 40
94	112	0.5	1	55 57
95	105	0.5	1	68 37
96	72	0.5	1	44 28
97	65	0.5	1	33 32
98	67	0.5	1	31 36
99	59	0.5	1	33 26
100	73	0.5	1	38 35
101	55	0.5	1	33 22
102	66	0.5	1	36 30
103	63	0.5	1	30 33
104	66	0.5	1	41 25
105	56	0.5	1	32 24
106	48	0.5	1	32 16
107	65	0.5	1	41 24
108	73	0.5	1	48 25
109	74	0.5	1	40 34
110	76	0.5	1	44 32
111	83	0.5	1	56 27
112	96	0.5	1	70 26
113	144	0.5	1	103 41
114	116	0.5	1	93 23
115	146	0.5	1	116 30
116	95	0.5	1	72 23
117	136	0.5	1	111 25
118	186	0.5	1	146 40
119	181	0.5	1	160 21
120	154	0.5	1	123 31
121	139	0.5	1	114 25
122	125	0.5	1	92 33
123	116	0.5	1	87 29
124	675	0.5	1	527 148
125	944	0.5	1	754 190
126	1319	0.5	1	1133 186
127	141	0.5	1	98 43
128	838	0.5	1	770 68
129	284	0.5	1	244 40
130	72423	0.5	1	69636 2787
131	1869	0.5	1	1772 97
132	1150	0.5	1	1090 60
133	303	0.5	1	272 31
134	679	0.5	1	629 50
135	582	0.5	1	525 57
136	739	0.5	1	713 26
137	765	0.5	1	716 49
138	1265	0.5	1	1177 88
139	1248	0.5	1	1194 54
140	1416	0.5	1	1342 74
141	1400	0.5	1	1289 111
142	2058	0.5	1	905 1153
143	3736	0.5	1	3616 120
144	9682	0.5	1	9627 55
145	17586	0.5	1	17496 90
146	3937	0.5	1	3888 49
147	3764	0.5	1	3674 90
148	3683	0.5	1	3618 65
149	936	0.5	1	708 228
150	91145	0.5	1	3685 87460

RUN STATISTICS FOR INPUT FILE: /mnt/xomics/remcovc/raw_data_recognition_2020-03/umi_extracted/044_GTGGTGTT-CTTACAGC_L003_R1.processed.fastq.gz
=============================================
31938090 sequences processed in total

