
SUMMARISING RUN PARAMETERS
==========================
Input filename: /mnt/xomics/remcovc/raw_data_recognition_2020-03/umi_extracted/045_NNNNNNNN-NNNNNNNN_L003_R3.processed.fastq.gz
Trimming mode: paired-end
Trim Galore version: 0.6.6
Cutadapt version: 3.4
Number of cores used for trimming: 1
Quality Phred score cutoff: 20
Quality encoding type selected: ASCII+33
Using Illumina adapter for trimming (count: 10160). Second best hit was smallRNA (count: 6)
Adapter sequence: 'AGATCGGAAGAGC' (Illumina TruSeq, Sanger iPCR; auto-detected)
Maximum trimming error rate: 0.1 (default)
Minimum required adapter overlap (stringency): 1 bp
Minimum required sequence length for both reads before a sequence pair gets removed: 20 bp
Running FastQC on the data once trimming has completed
Output file will be GZIP compressed


This is cutadapt 3.4 with Python 3.8.5
Command line parameters: -j 1 -e 0.1 -q 20 -O 1 -a AGATCGGAAGAGC /mnt/xomics/remcovc/raw_data_recognition_2020-03/umi_extracted/045_NNNNNNNN-NNNNNNNN_L003_R3.processed.fastq.gz
Processing reads on 1 core in single-end mode ...
Finished in 3056.91 s (42 µs/read; 1.42 M reads/minute).

=== Summary ===

Total reads processed:              72,567,259
Reads with adapters:                23,531,012 (32.4%)
Reads written (passing filters):    72,567,259 (100.0%)

Total basepairs processed: 10,885,088,850 bp
Quality-trimmed:              17,321,650 bp (0.2%)
Total written (filtered):  10,795,891,343 bp (99.2%)

=== Adapter 1 ===

Sequence: AGATCGGAAGAGC; Type: regular 3'; Length: 13; Trimmed: 23531012 times

No. of allowed errors:
1-9 bp: 0; 10-13 bp: 1

Bases preceding removed adapters:
  A: 27.4%
  C: 34.8%
  G: 20.9%
  T: 16.9%
  none/other: 0.0%

Overview of removed sequences
length	count	expect	max.err	error counts
1	15656127	18141814.8	0	15656127
2	5019921	4535453.7	0	5019921
3	1255687	1133863.4	0	1255687
4	315610	283465.9	0	315610
5	101754	70866.5	0	101754
6	49413	17716.6	0	49413
7	44560	4429.2	0	44560
8	47008	1107.3	0	47008
9	34925	276.8	0	34051 874
10	42617	69.2	1	39333 3284
11	35457	17.3	1	33269 2188
12	38078	4.3	1	35706 2372
13	35072	1.1	1	33454 1618
14	40019	1.1	1	37785 2234
15	29500	1.1	1	28104 1396
16	31139	1.1	1	29613 1526
17	36531	1.1	1	34559 1972
18	23253	1.1	1	22041 1212
19	31579	1.1	1	29894 1685
20	30432	1.1	1	28930 1502
21	23307	1.1	1	22330 977
22	25193	1.1	1	23924 1269
23	24589	1.1	1	23343 1246
24	26722	1.1	1	24921 1801
25	23604	1.1	1	22584 1020
26	21590	1.1	1	20566 1024
27	19220	1.1	1	18209 1011
28	21307	1.1	1	20302 1005
29	16633	1.1	1	15858 775
30	18719	1.1	1	17672 1047
31	16428	1.1	1	15683 745
32	16563	1.1	1	15624 939
33	15934	1.1	1	15150 784
34	17563	1.1	1	16517 1046
35	12309	1.1	1	11695 614
36	15413	1.1	1	14618 795
37	11908	1.1	1	11363 545
38	11430	1.1	1	10854 576
39	14247	1.1	1	13547 700
40	13328	1.1	1	12662 666
41	6924	1.1	1	6569 355
42	15043	1.1	1	14401 642
43	7023	1.1	1	6460 563
44	22955	1.1	1	22187 768
45	9799	1.1	1	9178 621
46	4164	1.1	1	3892 272
47	8769	1.1	1	8389 380
48	1945	1.1	1	1755 190
49	5686	1.1	1	5437 249
50	1467	1.1	1	1306 161
51	2228	1.1	1	2045 183
52	1342	1.1	1	1227 115
53	4541	1.1	1	4294 247
54	6601	1.1	1	6311 290
55	2023	1.1	1	1860 163
56	3936	1.1	1	3669 267
57	8550	1.1	1	8169 381
58	2277	1.1	1	2074 203
59	1689	1.1	1	1481 208
60	5405	1.1	1	5182 223
61	1630	1.1	1	1418 212
62	928	1.1	1	791 137
63	4040	1.1	1	3832 208
64	5297	1.1	1	5083 214
65	763	1.1	1	661 102
66	994	1.1	1	874 120
67	671	1.1	1	512 159
68	453	1.1	1	360 93
69	512	1.1	1	436 76
70	726	1.1	1	647 79
71	343	1.1	1	274 69
72	317	1.1	1	235 82
73	411	1.1	1	315 96
74	419	1.1	1	265 154
75	457	1.1	1	386 71
76	606	1.1	1	477 129
77	677	1.1	1	520 157
78	726	1.1	1	560 166
79	722	1.1	1	589 133
80	680	1.1	1	581 99
81	627	1.1	1	510 117
82	602	1.1	1	529 73
83	656	1.1	1	544 112
84	600	1.1	1	485 115
85	556	1.1	1	451 105
86	539	1.1	1	423 116
87	533	1.1	1	398 135
88	540	1.1	1	402 138
89	574	1.1	1	419 155
90	506	1.1	1	369 137
91	481	1.1	1	370 111
92	495	1.1	1	345 150
93	476	1.1	1	361 115
94	536	1.1	1	337 199
95	471	1.1	1	323 148
96	407	1.1	1	282 125
97	447	1.1	1	305 142
98	360	1.1	1	279 81
99	311	1.1	1	250 61
100	299	1.1	1	234 65
101	252	1.1	1	176 76
102	337	1.1	1	202 135
103	313	1.1	1	192 121
104	288	1.1	1	210 78
105	188	1.1	1	152 36
106	193	1.1	1	153 40
107	212	1.1	1	163 49
108	269	1.1	1	160 109
109	225	1.1	1	171 54
110	210	1.1	1	163 47
111	217	1.1	1	176 41
112	183	1.1	1	142 41
113	187	1.1	1	129 58
114	191	1.1	1	146 45
115	189	1.1	1	140 49
116	220	1.1	1	116 104
117	152	1.1	1	101 51
118	223	1.1	1	110 113
119	193	1.1	1	95 98
120	163	1.1	1	80 83
121	307	1.1	1	118 189
122	484	1.1	1	348 136
123	2164	1.1	1	2074 90
124	2084	1.1	1	2001 83
125	1679	1.1	1	1593 86
126	2987	1.1	1	2880 107
127	312	1.1	1	251 61
128	639	1.1	1	507 132
129	445	1.1	1	332 113
130	57259	1.1	1	56091 1168
131	2277	1.1	1	2146 131
132	1574	1.1	1	1502 72
133	485	1.1	1	377 108
134	980	1.1	1	883 97
135	763	1.1	1	663 100
136	844	1.1	1	758 86
137	803	1.1	1	657 146
138	1119	1.1	1	903 216
139	870	1.1	1	662 208
140	938	1.1	1	522 416
141	2262	1.1	1	1295 967
142	1248	1.1	1	727 521
143	2279	1.1	1	1009 1270
144	4772	1.1	1	1558 3214
145	8699	1.1	1	2709 5990
146	1792	1.1	1	639 1153
147	1497	1.1	1	628 869
148	2417	1.1	1	842 1575
149	738	1.1	1	267 471
150	3446	1.1	1	1269 2177

RUN STATISTICS FOR INPUT FILE: /mnt/xomics/remcovc/raw_data_recognition_2020-03/umi_extracted/045_NNNNNNNN-NNNNNNNN_L003_R3.processed.fastq.gz
=============================================
72567259 sequences processed in total

Total number of sequences analysed for the sequence pair length validation: 72567259

Number of sequence pairs removed because at least one read was shorter than the length cutoff (20 bp): 435735 (0.60%)
