
SUMMARISING RUN PARAMETERS
==========================
Input filename: /mnt/xomics/remcovc/raw_data_recognition_2020-03/umi_extracted/045_NNNNNNNN-NNNNNNNN_L003_R1.processed.fastq.gz
Trimming mode: paired-end
Trim Galore version: 0.6.6
Cutadapt version: 3.4
Number of cores used for trimming: 1
Quality Phred score cutoff: 20
Quality encoding type selected: ASCII+33
Using Illumina adapter for trimming (count: 10160). Second best hit was smallRNA (count: 6)
Adapter sequence: 'AGATCGGAAGAGC' (Illumina TruSeq, Sanger iPCR; auto-detected)
Maximum trimming error rate: 0.1 (default)
Minimum required adapter overlap (stringency): 1 bp
Minimum required sequence length for both reads before a sequence pair gets removed: 20 bp
Running FastQC on the data once trimming has completed
Output file will be GZIP compressed


This is cutadapt 3.4 with Python 3.8.5
Command line parameters: -j 1 -e 0.1 -q 20 -O 1 -a AGATCGGAAGAGC /mnt/xomics/remcovc/raw_data_recognition_2020-03/umi_extracted/045_NNNNNNNN-NNNNNNNN_L003_R1.processed.fastq.gz
Processing reads on 1 core in single-end mode ...
Finished in 2349.78 s (32 µs/read; 1.85 M reads/minute).

=== Summary ===

Total reads processed:              72,567,259
Reads with adapters:                26,513,910 (36.5%)
Reads written (passing filters):    72,567,259 (100.0%)

Total basepairs processed: 10,885,088,850 bp
Quality-trimmed:              14,502,307 bp (0.1%)
Total written (filtered):  10,737,299,821 bp (98.6%)

=== Adapter 1 ===

Sequence: AGATCGGAAGAGC; Type: regular 3'; Length: 13; Trimmed: 26513910 times

No. of allowed errors:
1-9 bp: 0; 10-13 bp: 1

Bases preceding removed adapters:
  A: 31.5%
  C: 30.9%
  G: 23.6%
  T: 13.9%
  none/other: 0.0%

Overview of removed sequences
length	count	expect	max.err	error counts
1	17304220	18141814.8	0	17304220
2	5385840	4535453.7	0	5385840
3	1722399	1133863.4	0	1722399
4	398456	283465.9	0	398456
5	123678	70866.5	0	123678
6	54325	17716.6	0	54325
7	48473	4429.2	0	48473
8	44388	1107.3	0	44388
9	41562	276.8	0	39592 1970
10	40662	69.2	1	37201 3461
11	39207	17.3	1	36392 2815
12	37802	4.3	1	36170 1632
13	34752	1.1	1	33623 1129
14	34899	1.1	1	33501 1398
15	34539	1.1	1	33295 1244
16	31749	1.1	1	30458 1291
17	32728	1.1	1	31186 1542
18	32016	1.1	1	30980 1036
19	25683	1.1	1	24803 880
20	28222	1.1	1	27366 856
21	27264	1.1	1	26333 931
22	24727	1.1	1	24027 700
23	24955	1.1	1	23934 1021
24	25124	1.1	1	23984 1140
25	22815	1.1	1	22062 753
26	20386	1.1	1	19782 604
27	21752	1.1	1	21045 707
28	19735	1.1	1	18909 826
29	19289	1.1	1	18496 793
30	19255	1.1	1	18635 620
31	15220	1.1	1	14726 494
32	16819	1.1	1	16212 607
33	15843	1.1	1	15163 680
34	15513	1.1	1	14889 624
35	14408	1.1	1	13875 533
36	13285	1.1	1	12882 403
37	12954	1.1	1	12457 497
38	12739	1.1	1	12316 423
39	11142	1.1	1	10745 397
40	11366	1.1	1	10953 413
41	9591	1.1	1	9256 335
42	10092	1.1	1	9742 350
43	9308	1.1	1	8962 346
44	8840	1.1	1	8489 351
45	7893	1.1	1	7559 334
46	7566	1.1	1	7212 354
47	7142	1.1	1	6795 347
48	6493	1.1	1	6251 242
49	6109	1.1	1	5850 259
50	6024	1.1	1	5673 351
51	5562	1.1	1	5326 236
52	5878	1.1	1	5573 305
53	4428	1.1	1	4192 236
54	7228	1.1	1	6883 345
55	1625	1.1	1	1509 116
56	3258	1.1	1	3124 134
57	6080	1.1	1	5838 242
58	3609	1.1	1	3418 191
59	1976	1.1	1	1858 118
60	3527	1.1	1	3276 251
61	2362	1.1	1	2191 171
62	1822	1.1	1	1666 156
63	2241	1.1	1	2125 116
64	2748	1.1	1	2602 146
65	1452	1.1	1	1345 107
66	1500	1.1	1	1400 100
67	1379	1.1	1	1246 133
68	1642	1.1	1	1498 144
69	828	1.1	1	741 87
70	764	1.1	1	604 160
71	1379	1.1	1	1271 108
72	1002	1.1	1	802 200
73	722	1.1	1	635 87
74	747	1.1	1	642 105
75	2004	1.1	1	1848 156
76	673	1.1	1	604 69
77	982	1.1	1	850 132
78	692	1.1	1	560 132
79	592	1.1	1	517 75
80	249	1.1	1	145 104
81	336	1.1	1	202 134
82	539	1.1	1	436 103
83	662	1.1	1	594 68
84	633	1.1	1	535 98
85	868	1.1	1	733 135
86	669	1.1	1	563 106
87	570	1.1	1	477 93
88	528	1.1	1	418 110
89	489	1.1	1	412 77
90	500	1.1	1	402 98
91	550	1.1	1	449 101
92	499	1.1	1	410 89
93	567	1.1	1	411 156
94	506	1.1	1	358 148
95	425	1.1	1	345 80
96	345	1.1	1	282 63
97	336	1.1	1	264 72
98	342	1.1	1	249 93
99	283	1.1	1	233 50
100	278	1.1	1	197 81
101	327	1.1	1	174 153
102	267	1.1	1	198 69
103	334	1.1	1	184 150
104	254	1.1	1	199 55
105	228	1.1	1	165 63
106	236	1.1	1	185 51
107	244	1.1	1	193 51
108	309	1.1	1	188 121
109	326	1.1	1	237 89
110	297	1.1	1	229 68
111	326	1.1	1	244 82
112	382	1.1	1	273 109
113	407	1.1	1	306 101
114	426	1.1	1	322 104
115	403	1.1	1	316 87
116	353	1.1	1	243 110
117	378	1.1	1	342 36
118	516	1.1	1	433 83
119	555	1.1	1	428 127
120	358	1.1	1	295 63
121	431	1.1	1	330 101
122	523	1.1	1	374 149
123	2157	1.1	1	1655 502
124	2207	1.1	1	1773 434
125	1827	1.1	1	1420 407
126	3158	1.1	1	2664 494
127	659	1.1	1	492 167
128	849	1.1	1	744 105
129	566	1.1	1	442 124
130	57238	1.1	1	54012 3226
131	2487	1.1	1	2316 171
132	1856	1.1	1	1663 193
133	728	1.1	1	616 112
134	1302	1.1	1	1204 98
135	1502	1.1	1	1370 132
136	1906	1.1	1	1811 95
137	1939	1.1	1	1809 130
138	2084	1.1	1	1924 160
139	2421	1.1	1	2325 96
140	2972	1.1	1	2809 163
141	3764	1.1	1	3528 236
142	3785	1.1	1	2705 1080
143	7921	1.1	1	7694 227
144	21149	1.1	1	20967 182
145	40412	1.1	1	40208 204
146	7976	1.1	1	7890 86
147	6854	1.1	1	6565 289
148	8844	1.1	1	8624 220
149	3292	1.1	1	2458 834
150	296050	1.1	1	7826 288224

RUN STATISTICS FOR INPUT FILE: /mnt/xomics/remcovc/raw_data_recognition_2020-03/umi_extracted/045_NNNNNNNN-NNNNNNNN_L003_R1.processed.fastq.gz
=============================================
72567259 sequences processed in total

