
SUMMARISING RUN PARAMETERS
==========================
Input filename: /mnt/xomics/remcovc/raw_data_recognition_2020-03/umi_extracted/047_NNNNNNNN-NNNNNNNN_L004_R1.processed.fastq.gz
Trimming mode: paired-end
Trim Galore version: 0.6.6
Cutadapt version: 3.4
Number of cores used for trimming: 1
Quality Phred score cutoff: 20
Quality encoding type selected: ASCII+33
Using Illumina adapter for trimming (count: 18289). Second best hit was smallRNA (count: 5)
Adapter sequence: 'AGATCGGAAGAGC' (Illumina TruSeq, Sanger iPCR; auto-detected)
Maximum trimming error rate: 0.1 (default)
Minimum required adapter overlap (stringency): 1 bp
Minimum required sequence length for both reads before a sequence pair gets removed: 20 bp
Running FastQC on the data once trimming has completed
Output file will be GZIP compressed


This is cutadapt 3.4 with Python 3.8.5
Command line parameters: -j 1 -e 0.1 -q 20 -O 1 -a AGATCGGAAGAGC /mnt/xomics/remcovc/raw_data_recognition_2020-03/umi_extracted/047_NNNNNNNN-NNNNNNNN_L004_R1.processed.fastq.gz
Processing reads on 1 core in single-end mode ...
Finished in 2233.26 s (32 µs/read; 1.87 M reads/minute).

=== Summary ===

Total reads processed:              69,566,751
Reads with adapters:                25,874,979 (37.2%)
Reads written (passing filters):    69,566,751 (100.0%)

Total basepairs processed: 10,435,012,650 bp
Quality-trimmed:              15,536,940 bp (0.1%)
Total written (filtered):  10,207,969,300 bp (97.8%)

=== Adapter 1 ===

Sequence: AGATCGGAAGAGC; Type: regular 3'; Length: 13; Trimmed: 25874979 times

No. of allowed errors:
1-9 bp: 0; 10-13 bp: 1

Bases preceding removed adapters:
  A: 29.8%
  C: 30.4%
  G: 26.1%
  T: 13.7%
  none/other: 0.0%

Overview of removed sequences
length	count	expect	max.err	error counts
1	16177546	17391687.8	0	16177546
2	5053171	4347921.9	0	5053171
3	1613385	1086980.5	0	1613385
4	387185	271745.1	0	387185
5	135339	67936.3	0	135339
6	70264	16984.1	0	70264
7	61327	4246.0	0	61327
8	59710	1061.5	0	59710
9	57307	265.4	0	55408 1899
10	56261	66.3	1	52695 3566
11	53002	16.6	1	50254 2748
12	52447	4.1	1	50526 1921
13	48144	1.0	1	46825 1319
14	46362	1.0	1	44840 1522
15	46295	1.0	1	44982 1313
16	42960	1.0	1	41583 1377
17	44967	1.0	1	43239 1728
18	43511	1.0	1	42217 1294
19	34004	1.0	1	33169 835
20	37843	1.0	1	36807 1036
21	36864	1.0	1	35840 1024
22	34112	1.0	1	33228 884
23	35124	1.0	1	34164 960
24	32886	1.0	1	31657 1229
25	31583	1.0	1	30677 906
26	26877	1.0	1	26217 660
27	28588	1.0	1	27774 814
28	27255	1.0	1	26397 858
29	26182	1.0	1	25315 867
30	26191	1.0	1	25523 668
31	20616	1.0	1	20090 526
32	22554	1.0	1	21951 603
33	21373	1.0	1	20686 687
34	20593	1.0	1	19986 607
35	19516	1.0	1	19023 493
36	16999	1.0	1	16608 391
37	17764	1.0	1	17178 586
38	16376	1.0	1	15894 482
39	15268	1.0	1	14858 410
40	14956	1.0	1	14517 439
41	14563	1.0	1	13992 571
42	12683	1.0	1	12361 322
43	12057	1.0	1	11735 322
44	11587	1.0	1	11184 403
45	10716	1.0	1	10375 341
46	9842	1.0	1	9530 312
47	9366	1.0	1	9041 325
48	8373	1.0	1	8104 269
49	8214	1.0	1	7906 308
50	7918	1.0	1	7563 355
51	7248	1.0	1	7017 231
52	7390	1.0	1	7088 302
53	6036	1.0	1	5794 242
54	9305	1.0	1	9108 197
55	1809	1.0	1	1675 134
56	4177	1.0	1	4025 152
57	6813	1.0	1	6615 198
58	4212	1.0	1	4065 147
59	2549	1.0	1	2455 94
60	4019	1.0	1	3846 173
61	2829	1.0	1	2705 124
62	2157	1.0	1	2063 94
63	2743	1.0	1	2626 117
64	3126	1.0	1	3012 114
65	1771	1.0	1	1632 139
66	1767	1.0	1	1667 100
67	1504	1.0	1	1442 62
68	1663	1.0	1	1599 64
69	938	1.0	1	897 41
70	805	1.0	1	743 62
71	1557	1.0	1	1480 77
72	1056	1.0	1	946 110
73	835	1.0	1	695 140
74	771	1.0	1	729 42
75	3263	1.0	1	2954 309
76	821	1.0	1	724 97
77	1004	1.0	1	890 114
78	692	1.0	1	597 95
79	668	1.0	1	559 109
80	304	1.0	1	186 118
81	619	1.0	1	452 167
82	513	1.0	1	479 34
83	1015	1.0	1	968 47
84	880	1.0	1	754 126
85	1629	1.0	1	1504 125
86	946	1.0	1	849 97
87	746	1.0	1	615 131
88	506	1.0	1	431 75
89	612	1.0	1	540 72
90	476	1.0	1	412 64
91	693	1.0	1	606 87
92	474	1.0	1	342 132
93	420	1.0	1	351 69
94	379	1.0	1	282 97
95	451	1.0	1	372 79
96	276	1.0	1	233 43
97	249	1.0	1	211 38
98	243	1.0	1	157 86
99	282	1.0	1	189 93
100	248	1.0	1	165 83
101	250	1.0	1	158 92
102	304	1.0	1	184 120
103	320	1.0	1	175 145
104	236	1.0	1	160 76
105	201	1.0	1	173 28
106	247	1.0	1	160 87
107	190	1.0	1	162 28
108	314	1.0	1	204 110
109	301	1.0	1	221 80
110	251	1.0	1	232 19
111	325	1.0	1	283 42
112	459	1.0	1	404 55
113	493	1.0	1	438 55
114	692	1.0	1	577 115
115	648	1.0	1	551 97
116	464	1.0	1	341 123
117	542	1.0	1	465 77
118	723	1.0	1	668 55
119	819	1.0	1	763 56
120	668	1.0	1	612 56
121	611	1.0	1	483 128
122	626	1.0	1	461 165
123	494	1.0	1	412 82
124	749	1.0	1	665 84
125	1390	1.0	1	1183 207
126	2425	1.0	1	2079 346
127	870	1.0	1	805 65
128	1595	1.0	1	1456 139
129	2484	1.0	1	2227 257
130	615984	1.0	1	587389 28595
131	16042	1.0	1	15102 940
132	13222	1.0	1	12656 566
133	2415	1.0	1	2242 173
134	6525	1.0	1	6204 321
135	5741	1.0	1	5462 279
136	3524	1.0	1	3385 139
137	3281	1.0	1	3124 157
138	6023	1.0	1	5720 303
139	6069	1.0	1	5832 237
140	6311	1.0	1	5984 327
141	8998	1.0	1	8500 498
142	8574	1.0	1	6079 2495
143	22133	1.0	1	21797 336
144	54477	1.0	1	54280 197
145	102493	1.0	1	102248 245
146	9961	1.0	1	9868 93
147	20013	1.0	1	19837 176
148	27850	1.0	1	27762 88
149	5144	1.0	1	4811 333
150	96993	1.0	1	8503 88490

RUN STATISTICS FOR INPUT FILE: /mnt/xomics/remcovc/raw_data_recognition_2020-03/umi_extracted/047_NNNNNNNN-NNNNNNNN_L004_R1.processed.fastq.gz
=============================================
69566751 sequences processed in total

