
SUMMARISING RUN PARAMETERS
==========================
Input filename: /mnt/xomics/remcovc/raw_data_recognition_2020-03/umi_extracted/047_NNNNNNNN-NNNNNNNN_L004_R3.processed.fastq.gz
Trimming mode: paired-end
Trim Galore version: 0.6.6
Cutadapt version: 3.4
Number of cores used for trimming: 1
Quality Phred score cutoff: 20
Quality encoding type selected: ASCII+33
Using Illumina adapter for trimming (count: 18289). Second best hit was smallRNA (count: 5)
Adapter sequence: 'AGATCGGAAGAGC' (Illumina TruSeq, Sanger iPCR; auto-detected)
Maximum trimming error rate: 0.1 (default)
Minimum required adapter overlap (stringency): 1 bp
Minimum required sequence length for both reads before a sequence pair gets removed: 20 bp
Running FastQC on the data once trimming has completed
Output file will be GZIP compressed


This is cutadapt 3.4 with Python 3.8.5
Command line parameters: -j 1 -e 0.1 -q 20 -O 1 -a AGATCGGAAGAGC /mnt/xomics/remcovc/raw_data_recognition_2020-03/umi_extracted/047_NNNNNNNN-NNNNNNNN_L004_R3.processed.fastq.gz
Processing reads on 1 core in single-end mode ...
Finished in 2939.34 s (42 µs/read; 1.42 M reads/minute).

=== Summary ===

Total reads processed:              69,566,751
Reads with adapters:                23,470,848 (33.7%)
Reads written (passing filters):    69,566,751 (100.0%)

Total basepairs processed: 10,435,012,650 bp
Quality-trimmed:              16,094,964 bp (0.2%)
Total written (filtered):  10,255,252,066 bp (98.3%)

=== Adapter 1 ===

Sequence: AGATCGGAAGAGC; Type: regular 3'; Length: 13; Trimmed: 23470848 times

No. of allowed errors:
1-9 bp: 0; 10-13 bp: 1

Bases preceding removed adapters:
  A: 26.6%
  C: 33.8%
  G: 23.1%
  T: 16.4%
  none/other: 0.0%

Overview of removed sequences
length	count	expect	max.err	error counts
1	14835325	17391687.8	0	14835325
2	4789026	4347921.9	0	4789026
3	1224347	1086980.5	0	1224347
4	317268	271745.1	0	317268
5	115162	67936.3	0	115162
6	66724	16984.1	0	66724
7	60041	4246.0	0	60041
8	64560	1061.5	0	64560
9	47048	265.4	0	46434 614
10	58713	66.3	1	54958 3755
11	48266	16.6	1	45841 2425
12	52071	4.1	1	49083 2988
13	47854	1.0	1	45581 2273
14	52697	1.0	1	49696 3001
15	40390	1.0	1	38572 1818
16	42376	1.0	1	40345 2031
17	52488	1.0	1	49868 2620
18	28919	1.0	1	27509 1410
19	46986	1.0	1	44489 2497
20	36787	1.0	1	35235 1552
21	30369	1.0	1	29217 1152
22	34471	1.0	1	32957 1514
23	34474	1.0	1	32704 1770
24	35881	1.0	1	33490 2391
25	32644	1.0	1	31358 1286
26	27909	1.0	1	26780 1129
27	24881	1.0	1	23720 1161
28	28942	1.0	1	27463 1479
29	23071	1.0	1	22099 972
30	26331	1.0	1	25000 1331
31	21155	1.0	1	20278 877
32	22662	1.0	1	21465 1197
33	21869	1.0	1	20813 1056
34	21184	1.0	1	20136 1048
35	19366	1.0	1	18418 948
36	17718	1.0	1	16885 833
37	22655	1.0	1	21603 1052
38	13490	1.0	1	12912 578
39	13087	1.0	1	12509 578
40	16259	1.0	1	15544 715
41	12517	1.0	1	11818 699
42	19216	1.0	1	18462 754
43	8187	1.0	1	7624 563
44	37179	1.0	1	36182 997
45	10954	1.0	1	10393 561
46	3654	1.0	1	3362 292
47	11476	1.0	1	11009 467
48	3197	1.0	1	2915 282
49	4691	1.0	1	4453 238
50	2649	1.0	1	2420 229
51	2792	1.0	1	2589 203
52	2135	1.0	1	1947 188
53	5713	1.0	1	5427 286
54	7188	1.0	1	6920 268
55	3207	1.0	1	2974 233
56	4768	1.0	1	4481 287
57	6871	1.0	1	6529 342
58	3204	1.0	1	2967 237
59	2677	1.0	1	2505 172
60	5329	1.0	1	5062 267
61	2674	1.0	1	2479 195
62	1423	1.0	1	1300 123
63	3904	1.0	1	3702 202
64	5846	1.0	1	5542 304
65	1891	1.0	1	1711 180
66	1781	1.0	1	1590 191
67	1339	1.0	1	1215 124
68	659	1.0	1	546 113
69	660	1.0	1	575 85
70	730	1.0	1	628 102
71	376	1.0	1	320 56
72	271	1.0	1	225 46
73	381	1.0	1	244 137
74	296	1.0	1	243 53
75	621	1.0	1	474 147
76	504	1.0	1	368 136
77	718	1.0	1	494 224
78	712	1.0	1	512 200
79	841	1.0	1	538 303
80	866	1.0	1	606 260
81	642	1.0	1	473 169
82	560	1.0	1	449 111
83	779	1.0	1	533 246
84	592	1.0	1	408 184
85	707	1.0	1	478 229
86	658	1.0	1	440 218
87	586	1.0	1	389 197
88	526	1.0	1	367 159
89	471	1.0	1	337 134
90	511	1.0	1	326 185
91	653	1.0	1	366 287
92	420	1.0	1	255 165
93	435	1.0	1	278 157
94	430	1.0	1	272 158
95	493	1.0	1	277 216
96	365	1.0	1	189 176
97	325	1.0	1	183 142
98	250	1.0	1	170 80
99	267	1.0	1	180 87
100	206	1.0	1	160 46
101	218	1.0	1	155 63
102	280	1.0	1	144 136
103	290	1.0	1	142 148
104	189	1.0	1	102 87
105	198	1.0	1	146 52
106	146	1.0	1	110 36
107	176	1.0	1	118 58
108	202	1.0	1	118 84
109	252	1.0	1	132 120
110	124	1.0	1	104 20
111	110	1.0	1	74 36
112	134	1.0	1	102 32
113	109	1.0	1	82 27
114	108	1.0	1	84 24
115	96	1.0	1	73 23
116	89	1.0	1	65 24
117	119	1.0	1	65 54
118	111	1.0	1	64 47
119	93	1.0	1	68 25
120	123	1.0	1	72 51
121	105	1.0	1	51 54
122	109	1.0	1	76 33
123	136	1.0	1	75 61
124	313	1.0	1	266 47
125	886	1.0	1	821 65
126	1865	1.0	1	1693 172
127	232	1.0	1	156 76
128	907	1.0	1	865 42
129	2345	1.0	1	2191 154
130	619453	1.0	1	607015 12438
131	15685	1.0	1	15188 497
132	12898	1.0	1	12607 291
133	2026	1.0	1	1903 123
134	6009	1.0	1	5669 340
135	4959	1.0	1	4640 319
136	2406	1.0	1	2228 178
137	2100	1.0	1	1764 336
138	3847	1.0	1	3236 611
139	1929	1.0	1	1560 369
140	2379	1.0	1	1162 1217
141	7703	1.0	1	4234 3469
142	4329	1.0	1	2234 2095
143	6986	1.0	1	2655 4331
144	12356	1.0	1	3604 8752
145	26015	1.0	1	7643 18372
146	2380	1.0	1	662 1718
147	4323	1.0	1	1345 2978
148	8333	1.0	1	2551 5782
149	1631	1.0	1	564 1067
150	3597	1.0	1	1421 2176

RUN STATISTICS FOR INPUT FILE: /mnt/xomics/remcovc/raw_data_recognition_2020-03/umi_extracted/047_NNNNNNNN-NNNNNNNN_L004_R3.processed.fastq.gz
=============================================
69566751 sequences processed in total

Total number of sequences analysed for the sequence pair length validation: 69566751

Number of sequence pairs removed because at least one read was shorter than the length cutoff (20 bp): 447169 (0.64%)
