
SUMMARISING RUN PARAMETERS
==========================
Input filename: /mnt/xomics/remcovc/raw_data_recognition_2020-03/umi_extracted/048_AGGCATAG-TGCCTCTT_L004_R1.processed.fastq.gz
Trimming mode: paired-end
Trim Galore version: 0.6.6
Cutadapt version: 3.4
Number of cores used for trimming: 1
Quality Phred score cutoff: 20
Quality encoding type selected: ASCII+33
Using Illumina adapter for trimming (count: 3363). Second best hit was smallRNA (count: 4)
Adapter sequence: 'AGATCGGAAGAGC' (Illumina TruSeq, Sanger iPCR; auto-detected)
Maximum trimming error rate: 0.1 (default)
Minimum required adapter overlap (stringency): 1 bp
Minimum required sequence length for both reads before a sequence pair gets removed: 20 bp
Running FastQC on the data once trimming has completed
Output file will be GZIP compressed


This is cutadapt 3.4 with Python 3.8.5
Command line parameters: -j 1 -e 0.1 -q 20 -O 1 -a AGATCGGAAGAGC /mnt/xomics/remcovc/raw_data_recognition_2020-03/umi_extracted/048_AGGCATAG-TGCCTCTT_L004_R1.processed.fastq.gz
Processing reads on 1 core in single-end mode ...
Finished in 2704.09 s (33 µs/read; 1.82 M reads/minute).

=== Summary ===

Total reads processed:              81,961,841
Reads with adapters:                28,364,014 (34.6%)
Reads written (passing filters):    81,961,841 (100.0%)

Total basepairs processed: 12,294,276,150 bp
Quality-trimmed:              15,874,559 bp (0.1%)
Total written (filtered):  12,218,327,056 bp (99.4%)

=== Adapter 1 ===

Sequence: AGATCGGAAGAGC; Type: regular 3'; Length: 13; Trimmed: 28364014 times

No. of allowed errors:
1-9 bp: 0; 10-13 bp: 1

Bases preceding removed adapters:
  A: 31.6%
  C: 31.7%
  G: 22.5%
  T: 14.2%
  none/other: 0.0%

Overview of removed sequences
length	count	expect	max.err	error counts
1	19527144	20490460.2	0	19527144
2	6046018	5122615.1	0	6046018
3	1865291	1280653.8	0	1865291
4	410871	320163.4	0	410871
5	106110	80040.9	0	106110
6	22884	20010.2	0	22884
7	19184	5002.6	0	19184
8	12360	1250.6	0	12360
9	13085	312.7	0	10964 2121
10	13907	78.2	1	10312 3595
11	11739	19.5	1	9933 1806
12	10327	4.9	1	9750 577
13	9211	1.2	1	8877 334
14	9533	1.2	1	9023 510
15	9078	1.2	1	8718 360
16	8733	1.2	1	8328 405
17	8891	1.2	1	8412 479
18	8952	1.2	1	8504 448
19	6636	1.2	1	6284 352
20	7548	1.2	1	7272 276
21	6950	1.2	1	6695 255
22	6422	1.2	1	6203 219
23	6760	1.2	1	6380 380
24	6591	1.2	1	6114 477
25	6319	1.2	1	5945 374
26	5048	1.2	1	4823 225
27	5496	1.2	1	5171 325
28	4973	1.2	1	4745 228
29	4880	1.2	1	4640 240
30	4886	1.2	1	4675 211
31	3978	1.2	1	3735 243
32	4462	1.2	1	4180 282
33	4253	1.2	1	3827 426
34	3958	1.2	1	3709 249
35	3721	1.2	1	3519 202
36	3625	1.2	1	3385 240
37	3223	1.2	1	3009 214
38	3119	1.2	1	2934 185
39	3064	1.2	1	2882 182
40	2657	1.2	1	2491 166
41	2877	1.2	1	2547 330
42	2465	1.2	1	2321 144
43	2367	1.2	1	2212 155
44	2203	1.2	1	2086 117
45	2162	1.2	1	1970 192
46	1996	1.2	1	1810 186
47	1731	1.2	1	1621 110
48	1730	1.2	1	1495 235
49	1642	1.2	1	1498 144
50	1480	1.2	1	1300 180
51	1603	1.2	1	1459 144
52	1578	1.2	1	1395 183
53	1163	1.2	1	1015 148
54	1948	1.2	1	1818 130
55	470	1.2	1	369 101
56	819	1.2	1	708 111
57	1672	1.2	1	1516 156
58	987	1.2	1	885 102
59	594	1.2	1	493 101
60	951	1.2	1	751 200
61	642	1.2	1	528 114
62	488	1.2	1	400 88
63	619	1.2	1	558 61
64	757	1.2	1	628 129
65	441	1.2	1	349 92
66	484	1.2	1	347 137
67	366	1.2	1	277 89
68	422	1.2	1	297 125
69	265	1.2	1	207 58
70	173	1.2	1	128 45
71	410	1.2	1	349 61
72	318	1.2	1	243 75
73	249	1.2	1	161 88
74	324	1.2	1	150 174
75	424	1.2	1	335 89
76	297	1.2	1	138 159
77	308	1.2	1	224 84
78	246	1.2	1	160 86
79	269	1.2	1	123 146
80	186	1.2	1	28 158
81	83	1.2	1	58 25
82	171	1.2	1	118 53
83	236	1.2	1	155 81
84	218	1.2	1	138 80
85	329	1.2	1	246 83
86	229	1.2	1	166 63
87	235	1.2	1	164 71
88	231	1.2	1	126 105
89	250	1.2	1	153 97
90	348	1.2	1	151 197
91	229	1.2	1	115 114
92	208	1.2	1	150 58
93	229	1.2	1	113 116
94	167	1.2	1	87 80
95	163	1.2	1	108 55
96	203	1.2	1	114 89
97	160	1.2	1	97 63
98	228	1.2	1	90 138
99	155	1.2	1	75 80
100	176	1.2	1	83 93
101	174	1.2	1	94 80
102	164	1.2	1	74 90
103	261	1.2	1	83 178
104	151	1.2	1	101 50
105	135	1.2	1	75 60
106	163	1.2	1	94 69
107	174	1.2	1	89 85
108	280	1.2	1	88 192
109	130	1.2	1	77 53
110	190	1.2	1	102 88
111	168	1.2	1	93 75
112	255	1.2	1	83 172
113	240	1.2	1	97 143
114	171	1.2	1	101 70
115	220	1.2	1	151 69
116	187	1.2	1	78 109
117	187	1.2	1	88 99
118	162	1.2	1	101 61
119	188	1.2	1	98 90
120	144	1.2	1	88 56
121	165	1.2	1	80 85
122	153	1.2	1	71 82
123	99	1.2	1	58 41
124	98	1.2	1	79 19
125	177	1.2	1	107 70
126	148	1.2	1	123 25
127	325	1.2	1	70 255
128	233	1.2	1	154 79
129	177	1.2	1	141 36
130	40037	1.2	1	38119 1918
131	1140	1.2	1	986 154
132	848	1.2	1	702 146
133	201	1.2	1	140 61
134	342	1.2	1	230 112
135	303	1.2	1	244 59
136	274	1.2	1	224 50
137	320	1.2	1	295 25
138	523	1.2	1	380 143
139	618	1.2	1	609 9
140	743	1.2	1	633 110
141	724	1.2	1	682 42
142	356	1.2	1	272 84
143	1168	1.2	1	1149 19
144	3813	1.2	1	3765 48
145	14616	1.2	1	14570 46
146	1534	1.2	1	1493 41
147	1433	1.2	1	1353 80
148	2084	1.2	1	2055 29
149	524	1.2	1	386 138
150	20833	1.2	1	1399 19434

RUN STATISTICS FOR INPUT FILE: /mnt/xomics/remcovc/raw_data_recognition_2020-03/umi_extracted/048_AGGCATAG-TGCCTCTT_L004_R1.processed.fastq.gz
=============================================
81961841 sequences processed in total

