
SUMMARISING RUN PARAMETERS
==========================
Input filename: /mnt/xomics/remcovc/raw_data_recognition_2020-03/umi_extracted/049_GCTGTAAG-GCTCTGTA_L004_R3.processed.fastq.gz
Trimming mode: paired-end
Trim Galore version: 0.6.6
Cutadapt version: 3.4
Number of cores used for trimming: 1
Quality Phred score cutoff: 20
Quality encoding type selected: ASCII+33
Using Illumina adapter for trimming (count: 23573). Second best hit was Nextera (count: 4)
Adapter sequence: 'AGATCGGAAGAGC' (Illumina TruSeq, Sanger iPCR; auto-detected)
Maximum trimming error rate: 0.1 (default)
Minimum required adapter overlap (stringency): 1 bp
Minimum required sequence length for both reads before a sequence pair gets removed: 20 bp
Running FastQC on the data once trimming has completed
Output file will be GZIP compressed


This is cutadapt 3.4 with Python 3.8.5
Command line parameters: -j 1 -e 0.1 -q 20 -O 1 -a AGATCGGAAGAGC /mnt/xomics/remcovc/raw_data_recognition_2020-03/umi_extracted/049_GCTGTAAG-GCTCTGTA_L004_R3.processed.fastq.gz
Processing reads on 1 core in single-end mode ...
Finished in 1885.75 s (34 µs/read; 1.76 M reads/minute).

=== Summary ===

Total reads processed:              55,425,773
Reads with adapters:                17,623,163 (31.8%)
Reads written (passing filters):    55,425,773 (100.0%)

Total basepairs processed: 8,313,865,950 bp
Quality-trimmed:              15,865,134 bp (0.2%)
Total written (filtered):  8,208,167,620 bp (98.7%)

=== Adapter 1 ===

Sequence: AGATCGGAAGAGC; Type: regular 3'; Length: 13; Trimmed: 17623163 times

No. of allowed errors:
1-9 bp: 0; 10-13 bp: 1

Bases preceding removed adapters:
  A: 25.3%
  C: 37.3%
  G: 22.4%
  T: 14.9%
  none/other: 0.0%

Overview of removed sequences
length	count	expect	max.err	error counts
1	11123012	13856443.2	0	11123012
2	3837023	3464110.8	0	3837023
3	925839	866027.7	0	925839
4	218989	216506.9	0	218989
5	89029	54126.7	0	89029
6	51395	13531.7	0	51395
7	46156	3382.9	0	46156
8	47207	845.7	0	47207
9	38734	211.4	0	38076 658
10	42923	52.9	1	40254 2669
11	39439	13.2	1	37346 2093
12	38878	3.3	1	36802 2076
13	37597	0.8	1	35749 1848
14	39986	0.8	1	37811 2175
15	31318	0.8	1	29925 1393
16	32804	0.8	1	31251 1553
17	38822	0.8	1	36824 1998
18	24007	0.8	1	22937 1070
19	37045	0.8	1	35158 1887
20	28400	0.8	1	27181 1219
21	22959	0.8	1	22095 864
22	26973	0.8	1	25738 1235
23	26064	0.8	1	24762 1302
24	27511	0.8	1	25696 1815
25	24510	0.8	1	23571 939
26	21480	0.8	1	20542 938
27	21328	0.8	1	20234 1094
28	21317	0.8	1	20310 1007
29	19066	0.8	1	18286 780
30	19344	0.8	1	18458 886
31	18528	0.8	1	17732 796
32	16598	0.8	1	15933 665
33	17132	0.8	1	16267 865
34	19386	0.8	1	18017 1369
35	16590	0.8	1	15820 770
36	14108	0.8	1	13445 663
37	14064	0.8	1	13304 760
38	16199	0.8	1	15638 561
39	9051	0.8	1	8524 527
40	12613	0.8	1	12097 516
41	10638	0.8	1	10152 486
42	15311	0.8	1	14688 623
43	7051	0.8	1	6613 438
44	18974	0.8	1	18303 671
45	10175	0.8	1	9688 487
46	5502	0.8	1	5160 342
47	12225	0.8	1	11828 397
48	5558	0.8	1	5278 280
49	5131	0.8	1	4896 235
50	4574	0.8	1	4349 225
51	3950	0.8	1	3751 199
52	3549	0.8	1	3322 227
53	5237	0.8	1	5003 234
54	6140	0.8	1	5886 254
55	3580	0.8	1	3394 186
56	4486	0.8	1	4254 232
57	6864	0.8	1	6647 217
58	3303	0.8	1	3111 192
59	2762	0.8	1	2609 153
60	4541	0.8	1	4362 179
61	2741	0.8	1	2590 151
62	2037	0.8	1	1892 145
63	4025	0.8	1	3838 187
64	4054	0.8	1	3909 145
65	2333	0.8	1	2229 104
66	2397	0.8	1	2274 123
67	2141	0.8	1	1992 149
68	1442	0.8	1	1235 207
69	1281	0.8	1	1176 105
70	1404	0.8	1	1312 92
71	848	0.8	1	744 104
72	597	0.8	1	529 68
73	559	0.8	1	496 63
74	558	0.8	1	480 78
75	925	0.8	1	815 110
76	731	0.8	1	576 155
77	698	0.8	1	605 93
78	716	0.8	1	571 145
79	774	0.8	1	655 119
80	941	0.8	1	793 148
81	742	0.8	1	605 137
82	643	0.8	1	528 115
83	2321	0.8	1	1127 1194
84	670	0.8	1	518 152
85	2003	0.8	1	1006 997
86	603	0.8	1	465 138
87	672	0.8	1	421 251
88	574	0.8	1	439 135
89	803	0.8	1	453 350
90	513	0.8	1	376 137
91	1577	0.8	1	769 808
92	499	0.8	1	358 141
93	681	0.8	1	387 294
94	467	0.8	1	313 154
95	1715	0.8	1	861 854
96	476	0.8	1	322 154
97	421	0.8	1	249 172
98	300	0.8	1	224 76
99	321	0.8	1	247 74
100	307	0.8	1	238 69
101	227	0.8	1	178 49
102	237	0.8	1	186 51
103	199	0.8	1	150 49
104	183	0.8	1	111 72
105	191	0.8	1	140 51
106	223	0.8	1	178 45
107	202	0.8	1	149 53
108	223	0.8	1	141 82
109	173	0.8	1	125 48
110	134	0.8	1	105 29
111	146	0.8	1	111 35
112	157	0.8	1	107 50
113	139	0.8	1	117 22
114	137	0.8	1	100 37
115	152	0.8	1	127 25
116	140	0.8	1	104 36
117	151	0.8	1	99 52
118	107	0.8	1	86 21
119	136	0.8	1	100 36
120	166	0.8	1	107 59
121	145	0.8	1	68 77
122	119	0.8	1	68 51
123	119	0.8	1	98 21
124	126	0.8	1	73 53
125	120	0.8	1	88 32
126	218	0.8	1	178 40
127	149	0.8	1	110 39
128	367	0.8	1	321 46
129	675	0.8	1	635 40
130	146078	0.8	1	144207 1871
131	3516	0.8	1	3387 129
132	3626	0.8	1	3528 98
133	924	0.8	1	825 99
134	2633	0.8	1	2517 116
135	1537	0.8	1	1436 101
136	2666	0.8	1	2530 136
137	3733	0.8	1	3452 281
138	5347	0.8	1	4988 359
139	4688	0.8	1	4334 354
140	5859	0.8	1	4226 1633
141	10096	0.8	1	6766 3330
142	3719	0.8	1	2559 1160
143	11012	0.8	1	6520 4492
144	15702	0.8	1	7198 8504
145	21723	0.8	1	10148 11575
146	7149	0.8	1	3644 3505
147	4948	0.8	1	2438 2510
148	7813	0.8	1	3625 4188
149	2702	0.8	1	1277 1425
150	11746	0.8	1	6453 5293

RUN STATISTICS FOR INPUT FILE: /mnt/xomics/remcovc/raw_data_recognition_2020-03/umi_extracted/049_GCTGTAAG-GCTCTGTA_L004_R3.processed.fastq.gz
=============================================
55425773 sequences processed in total

Total number of sequences analysed for the sequence pair length validation: 55425773

Number of sequence pairs removed because at least one read was shorter than the length cutoff (20 bp): 873558 (1.58%)
