
SUMMARISING RUN PARAMETERS
==========================
Input filename: /mnt/xomics/remcovc/raw_data_recognition_2020-03/umi_extracted/049_GCTGTAAG-GCTCTGTA_L004_R1.processed.fastq.gz
Trimming mode: paired-end
Trim Galore version: 0.6.6
Cutadapt version: 3.4
Number of cores used for trimming: 1
Quality Phred score cutoff: 20
Quality encoding type selected: ASCII+33
Using Illumina adapter for trimming (count: 23573). Second best hit was Nextera (count: 4)
Adapter sequence: 'AGATCGGAAGAGC' (Illumina TruSeq, Sanger iPCR; auto-detected)
Maximum trimming error rate: 0.1 (default)
Minimum required adapter overlap (stringency): 1 bp
Minimum required sequence length for both reads before a sequence pair gets removed: 20 bp
Running FastQC on the data once trimming has completed
Output file will be GZIP compressed


This is cutadapt 3.4 with Python 3.8.5
Command line parameters: -j 1 -e 0.1 -q 20 -O 1 -a AGATCGGAAGAGC /mnt/xomics/remcovc/raw_data_recognition_2020-03/umi_extracted/049_GCTGTAAG-GCTCTGTA_L004_R1.processed.fastq.gz
Processing reads on 1 core in single-end mode ...
Finished in 1774.80 s (32 µs/read; 1.87 M reads/minute).

=== Summary ===

Total reads processed:              55,425,773
Reads with adapters:                19,831,633 (35.8%)
Reads written (passing filters):    55,425,773 (100.0%)

Total basepairs processed: 8,313,865,950 bp
Quality-trimmed:              14,811,814 bp (0.2%)
Total written (filtered):  8,098,215,802 bp (97.4%)

=== Adapter 1 ===

Sequence: AGATCGGAAGAGC; Type: regular 3'; Length: 13; Trimmed: 19831633 times

No. of allowed errors:
1-9 bp: 0; 10-13 bp: 1

Bases preceding removed adapters:
  A: 28.7%
  C: 31.5%
  G: 26.8%
  T: 12.6%
  none/other: 0.4%

Overview of removed sequences
length	count	expect	max.err	error counts
1	12028566	13856443.2	0	12028566
2	4011009	3464110.8	0	4011009
3	1231659	866027.7	0	1231659
4	286299	216506.9	0	286299
5	104400	54126.7	0	104400
6	54234	13531.7	0	54234
7	48550	3382.9	0	48550
8	46200	845.7	0	46200
9	43485	211.4	0	41736 1749
10	42582	52.9	1	39541 3041
11	41278	13.2	1	38550 2728
12	39274	3.3	1	37779 1495
13	37155	0.8	1	35778 1377
14	36036	0.8	1	34594 1442
15	35434	0.8	1	34088 1346
16	33089	0.8	1	31705 1384
17	34916	0.8	1	33108 1808
18	34605	0.8	1	33418 1187
19	25628	0.8	1	24713 915
20	29861	0.8	1	28871 990
21	27600	0.8	1	26630 970
22	26707	0.8	1	25808 899
23	26581	0.8	1	25541 1040
24	26037	0.8	1	24700 1337
25	25088	0.8	1	24178 910
26	19623	0.8	1	19034 589
27	22405	0.8	1	21528 877
28	21058	0.8	1	20158 900
29	21310	0.8	1	20282 1028
30	21031	0.8	1	20264 767
31	16187	0.8	1	15650 537
32	17656	0.8	1	17084 572
33	17062	0.8	1	16322 740
34	17766	0.8	1	16942 824
35	14967	0.8	1	14564 403
36	15893	0.8	1	15265 628
37	12744	0.8	1	12351 393
38	13474	0.8	1	13019 455
39	12622	0.8	1	12207 415
40	12221	0.8	1	11780 441
41	11885	0.8	1	11323 562
42	10687	0.8	1	10374 313
43	10283	0.8	1	9931 352
44	9789	0.8	1	9421 368
45	9232	0.8	1	8828 404
46	8615	0.8	1	8216 399
47	8144	0.8	1	7794 350
48	7612	0.8	1	7335 277
49	7245	0.8	1	6944 301
50	6731	0.8	1	6438 293
51	6842	0.8	1	6538 304
52	7039	0.8	1	6624 415
53	5460	0.8	1	5220 240
54	8740	0.8	1	8506 234
55	1802	0.8	1	1664 138
56	3871	0.8	1	3730 141
57	8369	0.8	1	8115 254
58	4500	0.8	1	4316 184
59	2209	0.8	1	2090 119
60	4191	0.8	1	4003 188
61	2993	0.8	1	2854 139
62	2100	0.8	1	1988 112
63	2858	0.8	1	2742 116
64	3816	0.8	1	3694 122
65	1788	0.8	1	1694 94
66	1896	0.8	1	1832 64
67	1521	0.8	1	1401 120
68	1882	0.8	1	1786 96
69	877	0.8	1	826 51
70	731	0.8	1	619 112
71	1901	0.8	1	1796 105
72	1132	0.8	1	1069 63
73	822	0.8	1	737 85
74	832	0.8	1	762 70
75	5104	0.8	1	4784 320
76	1311	0.8	1	1220 91
77	1124	0.8	1	1065 59
78	593	0.8	1	520 73
79	451	0.8	1	350 101
80	361	0.8	1	294 67
81	580	0.8	1	513 67
82	707	0.8	1	628 79
83	960	0.8	1	893 67
84	822	0.8	1	755 67
85	1045	0.8	1	975 70
86	688	0.8	1	643 45
87	664	0.8	1	597 67
88	588	0.8	1	530 58
89	587	0.8	1	545 42
90	506	0.8	1	453 53
91	584	0.8	1	526 58
92	476	0.8	1	410 66
93	456	0.8	1	352 104
94	423	0.8	1	326 97
95	545	0.8	1	502 43
96	432	0.8	1	384 48
97	417	0.8	1	359 58
98	360	0.8	1	289 71
99	291	0.8	1	253 38
100	323	0.8	1	256 67
101	307	0.8	1	228 79
102	307	0.8	1	263 44
103	305	0.8	1	237 68
104	205	0.8	1	134 71
105	217	0.8	1	165 52
106	291	0.8	1	225 66
107	309	0.8	1	233 76
108	270	0.8	1	231 39
109	300	0.8	1	226 74
110	293	0.8	1	245 48
111	312	0.8	1	270 42
112	414	0.8	1	318 96
113	461	0.8	1	398 63
114	462	0.8	1	420 42
115	537	0.8	1	476 61
116	388	0.8	1	345 43
117	379	0.8	1	326 53
118	641	0.8	1	592 49
119	760	0.8	1	695 65
120	489	0.8	1	423 66
121	509	0.8	1	405 104
122	406	0.8	1	329 77
123	389	0.8	1	315 74
124	359	0.8	1	310 49
125	504	0.8	1	440 64
126	602	0.8	1	535 67
127	468	0.8	1	416 52
128	717	0.8	1	626 91
129	809	0.8	1	708 101
130	145795	0.8	1	139475 6320
131	3682	0.8	1	3442 240
132	3810	0.8	1	3613 197
133	1117	0.8	1	1010 107
134	2923	0.8	1	2742 181
135	2004	0.8	1	1884 120
136	3383	0.8	1	3264 119
137	4325	0.8	1	4120 205
138	6486	0.8	1	6170 316
139	7765	0.8	1	7497 268
140	9679	0.8	1	9245 434
141	9501	0.8	1	9040 461
142	8078	0.8	1	3988 4090
143	19872	0.8	1	19248 624
144	43896	0.8	1	43615 281
145	52032	0.8	1	51766 266
146	16872	0.8	1	16642 230
147	14880	0.8	1	14612 268
148	18537	0.8	1	18252 285
149	8290	0.8	1	6585 1705
150	615211	0.8	1	22891 592320

RUN STATISTICS FOR INPUT FILE: /mnt/xomics/remcovc/raw_data_recognition_2020-03/umi_extracted/049_GCTGTAAG-GCTCTGTA_L004_R1.processed.fastq.gz
=============================================
55425773 sequences processed in total

