
SUMMARISING RUN PARAMETERS
==========================
Input filename: /mnt/xomics/remcovc/raw_data_recognition_2020-03/umi_extracted/050_ATTGCGTG-GCCATAAC_L003_R1.processed.fastq.gz
Trimming mode: paired-end
Trim Galore version: 0.6.6
Cutadapt version: 3.4
Number of cores used for trimming: 1
Quality Phred score cutoff: 20
Quality encoding type selected: ASCII+33
Using Illumina adapter for trimming (count: 9763). Second best hit was smallRNA (count: 5)
Adapter sequence: 'AGATCGGAAGAGC' (Illumina TruSeq, Sanger iPCR; auto-detected)
Maximum trimming error rate: 0.1 (default)
Minimum required adapter overlap (stringency): 1 bp
Minimum required sequence length for both reads before a sequence pair gets removed: 20 bp
Running FastQC on the data once trimming has completed
Output file will be GZIP compressed


This is cutadapt 3.4 with Python 3.8.5
Command line parameters: -j 1 -e 0.1 -q 20 -O 1 -a AGATCGGAAGAGC /mnt/xomics/remcovc/raw_data_recognition_2020-03/umi_extracted/050_ATTGCGTG-GCCATAAC_L003_R1.processed.fastq.gz
Processing reads on 1 core in single-end mode ...
Finished in 862.85 s (26 µs/read; 2.31 M reads/minute).

=== Summary ===

Total reads processed:              33,248,217
Reads with adapters:                11,461,673 (34.5%)
Reads written (passing filters):    33,248,217 (100.0%)

Total basepairs processed: 4,987,232,550 bp
Quality-trimmed:               7,874,799 bp (0.2%)
Total written (filtered):  4,927,243,347 bp (98.8%)

=== Adapter 1 ===

Sequence: AGATCGGAAGAGC; Type: regular 3'; Length: 13; Trimmed: 11461673 times

No. of allowed errors:
1-9 bp: 0; 10-13 bp: 1

Bases preceding removed adapters:
  A: 29.9%
  C: 32.0%
  G: 24.3%
  T: 13.7%
  none/other: 0.0%

Overview of removed sequences
length	count	expect	max.err	error counts
1	7622659	8312054.2	0	7622659
2	2459134	2078013.6	0	2459134
3	738913	519503.4	0	738913
4	159773	129875.8	0	159773
5	44610	32469.0	0	44610
6	12462	8117.2	0	12462
7	9518	2029.3	0	9518
8	8063	507.3	0	8063
9	8247	126.8	0	7238 1009
10	8268	31.7	1	6862 1406
11	7549	7.9	1	6646 903
12	6859	2.0	1	6465 394
13	6295	0.5	1	6035 260
14	6467	0.5	1	6159 308
15	6020	0.5	1	5791 229
16	5822	0.5	1	5542 280
17	5989	0.5	1	5674 315
18	5994	0.5	1	5794 200
19	4539	0.5	1	4366 173
20	5206	0.5	1	4995 211
21	4937	0.5	1	4729 208
22	4698	0.5	1	4549 149
23	4920	0.5	1	4673 247
24	4856	0.5	1	4583 273
25	4540	0.5	1	4373 167
26	3696	0.5	1	3580 116
27	4124	0.5	1	3942 182
28	3840	0.5	1	3647 193
29	3881	0.5	1	3659 222
30	3807	0.5	1	3645 162
31	2875	0.5	1	2747 128
32	3510	0.5	1	3368 142
33	3036	0.5	1	2867 169
34	3024	0.5	1	2870 154
35	3173	0.5	1	2973 200
36	2716	0.5	1	2597 119
37	2644	0.5	1	2476 168
38	2461	0.5	1	2346 115
39	2359	0.5	1	2253 106
40	2486	0.5	1	2369 117
41	2068	0.5	1	1954 114
42	2137	0.5	1	2021 116
43	2074	0.5	1	1969 105
44	1985	0.5	1	1879 106
45	1860	0.5	1	1753 107
46	1804	0.5	1	1677 127
47	1616	0.5	1	1513 103
48	1559	0.5	1	1475 84
49	1520	0.5	1	1404 116
50	1392	0.5	1	1308 84
51	1359	0.5	1	1276 83
52	1560	0.5	1	1423 137
53	1069	0.5	1	968 101
54	1547	0.5	1	1478 69
55	681	0.5	1	638 43
56	1031	0.5	1	949 82
57	2011	0.5	1	1896 115
58	1177	0.5	1	1105 72
59	578	0.5	1	517 61
60	1151	0.5	1	1077 74
61	824	0.5	1	714 110
62	532	0.5	1	481 51
63	709	0.5	1	659 50
64	988	0.5	1	917 71
65	458	0.5	1	412 46
66	485	0.5	1	443 42
67	401	0.5	1	371 30
68	540	0.5	1	509 31
69	256	0.5	1	210 46
70	253	0.5	1	189 64
71	559	0.5	1	504 55
72	372	0.5	1	304 68
73	266	0.5	1	217 49
74	271	0.5	1	226 45
75	1219	0.5	1	1141 78
76	335	0.5	1	283 52
77	341	0.5	1	303 38
78	187	0.5	1	152 35
79	158	0.5	1	109 49
80	123	0.5	1	62 61
81	177	0.5	1	119 58
82	235	0.5	1	190 45
83	322	0.5	1	284 38
84	285	0.5	1	259 26
85	366	0.5	1	317 49
86	278	0.5	1	246 32
87	253	0.5	1	200 53
88	207	0.5	1	166 41
89	240	0.5	1	189 51
90	189	0.5	1	140 49
91	223	0.5	1	166 57
92	197	0.5	1	153 44
93	170	0.5	1	112 58
94	197	0.5	1	138 59
95	244	0.5	1	197 47
96	174	0.5	1	132 42
97	119	0.5	1	83 36
98	171	0.5	1	119 52
99	138	0.5	1	97 41
100	143	0.5	1	104 39
101	137	0.5	1	89 48
102	127	0.5	1	80 47
103	124	0.5	1	72 52
104	114	0.5	1	85 29
105	112	0.5	1	68 44
106	136	0.5	1	96 40
107	133	0.5	1	80 53
108	125	0.5	1	65 60
109	111	0.5	1	73 38
110	117	0.5	1	80 37
111	105	0.5	1	75 30
112	130	0.5	1	91 39
113	130	0.5	1	100 30
114	146	0.5	1	114 32
115	160	0.5	1	119 41
116	155	0.5	1	119 36
117	146	0.5	1	121 25
118	233	0.5	1	199 34
119	265	0.5	1	241 24
120	190	0.5	1	147 43
121	188	0.5	1	161 27
122	176	0.5	1	131 45
123	146	0.5	1	112 34
124	126	0.5	1	104 22
125	171	0.5	1	139 32
126	220	0.5	1	185 35
127	165	0.5	1	136 29
128	250	0.5	1	203 47
129	226	0.5	1	192 34
130	45015	0.5	1	42772 2243
131	1396	0.5	1	1258 138
132	1032	0.5	1	964 68
133	343	0.5	1	298 45
134	1001	0.5	1	932 69
135	689	0.5	1	651 38
136	828	0.5	1	788 40
137	1194	0.5	1	1100 94
138	1218	0.5	1	1141 77
139	1194	0.5	1	1139 55
140	2013	0.5	1	1901 112
141	1254	0.5	1	1126 128
142	1435	0.5	1	576 859
143	4668	0.5	1	4528 140
144	12992	0.5	1	12933 59
145	19152	0.5	1	19099 53
146	5142	0.5	1	5071 71
147	3829	0.5	1	3721 108
148	3614	0.5	1	3563 51
149	997	0.5	1	777 220
150	100349	0.5	1	7315 93034

RUN STATISTICS FOR INPUT FILE: /mnt/xomics/remcovc/raw_data_recognition_2020-03/umi_extracted/050_ATTGCGTG-GCCATAAC_L003_R1.processed.fastq.gz
=============================================
33248217 sequences processed in total

