
SUMMARISING RUN PARAMETERS
==========================
Input filename: /mnt/xomics/remcovc/raw_data_recognition_2020-03/umi_extracted/052_CGTCTTGT-TCTCGCAA_L004_R1.processed.fastq.gz
Trimming mode: paired-end
Trim Galore version: 0.6.6
Cutadapt version: 3.4
Number of cores used for trimming: 1
Quality Phred score cutoff: 20
Quality encoding type selected: ASCII+33
Using Illumina adapter for trimming (count: 12074). Second best hit was smallRNA (count: 3)
Adapter sequence: 'AGATCGGAAGAGC' (Illumina TruSeq, Sanger iPCR; auto-detected)
Maximum trimming error rate: 0.1 (default)
Minimum required adapter overlap (stringency): 1 bp
Minimum required sequence length for both reads before a sequence pair gets removed: 20 bp
Running FastQC on the data once trimming has completed
Output file will be GZIP compressed


This is cutadapt 3.4 with Python 3.8.5
Command line parameters: -j 1 -e 0.1 -q 20 -O 1 -a AGATCGGAAGAGC /mnt/xomics/remcovc/raw_data_recognition_2020-03/umi_extracted/052_CGTCTTGT-TCTCGCAA_L004_R1.processed.fastq.gz
Processing reads on 1 core in single-end mode ...
Finished in 1422.56 s (31 µs/read; 1.91 M reads/minute).

=== Summary ===

Total reads processed:              45,289,523
Reads with adapters:                15,688,444 (34.6%)
Reads written (passing filters):    45,289,523 (100.0%)

Total basepairs processed: 6,793,428,450 bp
Quality-trimmed:              11,737,464 bp (0.2%)
Total written (filtered):  6,674,540,693 bp (98.2%)

=== Adapter 1 ===

Sequence: AGATCGGAAGAGC; Type: regular 3'; Length: 13; Trimmed: 15688444 times

No. of allowed errors:
1-9 bp: 0; 10-13 bp: 1

Bases preceding removed adapters:
  A: 29.5%
  C: 32.0%
  G: 24.8%
  T: 13.4%
  none/other: 0.3%

Overview of removed sequences
length	count	expect	max.err	error counts
1	10185028	11322380.8	0	10185028
2	3327924	2830595.2	0	3327924
3	990923	707648.8	0	990923
4	213792	176912.2	0	213792
5	62261	44228.0	0	62261
6	19949	11057.0	0	19949
7	15700	2764.3	0	15700
8	13558	691.1	0	13558
9	13884	172.8	0	12648 1236
10	13745	43.2	1	11672 2073
11	12487	10.8	1	11296 1191
12	12055	2.7	1	11436 619
13	10968	0.7	1	10521 447
14	10995	0.7	1	10525 470
15	10616	0.7	1	10222 394
16	9948	0.7	1	9489 459
17	10463	0.7	1	9915 548
18	10626	0.7	1	10230 396
19	7669	0.7	1	7381 288
20	8923	0.7	1	8597 326
21	8433	0.7	1	8095 338
22	8022	0.7	1	7730 292
23	8086	0.7	1	7744 342
24	8426	0.7	1	7968 458
25	7514	0.7	1	7200 314
26	6204	0.7	1	5995 209
27	6945	0.7	1	6661 284
28	6539	0.7	1	6257 282
29	6398	0.7	1	6070 328
30	6612	0.7	1	6367 245
31	5125	0.7	1	4879 246
32	5836	0.7	1	5573 263
33	5297	0.7	1	5030 267
34	5346	0.7	1	5090 256
35	5231	0.7	1	4923 308
36	5576	0.7	1	5357 219
37	3510	0.7	1	3389 121
38	4555	0.7	1	4345 210
39	4198	0.7	1	4008 190
40	3663	0.7	1	3472 191
41	3779	0.7	1	3596 183
42	3649	0.7	1	3491 158
43	3478	0.7	1	3302 176
44	3406	0.7	1	3239 167
45	3144	0.7	1	2953 191
46	3026	0.7	1	2832 194
47	2833	0.7	1	2661 172
48	2695	0.7	1	2534 161
49	2560	0.7	1	2405 155
50	2448	0.7	1	2316 132
51	2318	0.7	1	2171 147
52	2516	0.7	1	2301 215
53	2108	0.7	1	1990 118
54	3212	0.7	1	3103 109
55	657	0.7	1	578 79
56	1408	0.7	1	1323 85
57	3549	0.7	1	3403 146
58	1782	0.7	1	1662 120
59	786	0.7	1	731 55
60	1768	0.7	1	1676 92
61	1265	0.7	1	1170 95
62	789	0.7	1	722 67
63	1158	0.7	1	1075 83
64	1649	0.7	1	1573 76
65	776	0.7	1	708 68
66	848	0.7	1	775 73
67	652	0.7	1	602 50
68	854	0.7	1	804 50
69	409	0.7	1	352 57
70	362	0.7	1	282 80
71	1006	0.7	1	924 82
72	586	0.7	1	518 68
73	443	0.7	1	372 71
74	460	0.7	1	393 67
75	3213	0.7	1	2990 223
76	669	0.7	1	632 37
77	611	0.7	1	539 72
78	330	0.7	1	266 64
79	258	0.7	1	167 91
80	244	0.7	1	186 58
81	358	0.7	1	297 61
82	431	0.7	1	358 73
83	547	0.7	1	496 51
84	539	0.7	1	473 66
85	495	0.7	1	432 63
86	423	0.7	1	372 51
87	402	0.7	1	312 90
88	395	0.7	1	326 69
89	391	0.7	1	323 68
90	377	0.7	1	317 60
91	345	0.7	1	291 54
92	398	0.7	1	333 65
93	302	0.7	1	232 70
94	398	0.7	1	317 81
95	416	0.7	1	358 58
96	497	0.7	1	454 43
97	284	0.7	1	251 33
98	382	0.7	1	319 63
99	265	0.7	1	201 64
100	272	0.7	1	219 53
101	190	0.7	1	139 51
102	227	0.7	1	144 83
103	156	0.7	1	104 52
104	190	0.7	1	123 67
105	176	0.7	1	119 57
106	201	0.7	1	130 71
107	198	0.7	1	145 53
108	194	0.7	1	129 65
109	203	0.7	1	137 66
110	227	0.7	1	177 50
111	217	0.7	1	164 53
112	270	0.7	1	206 64
113	284	0.7	1	223 61
114	309	0.7	1	245 64
115	296	0.7	1	234 62
116	270	0.7	1	218 52
117	209	0.7	1	170 39
118	364	0.7	1	312 52
119	500	0.7	1	448 52
120	332	0.7	1	288 44
121	378	0.7	1	308 70
122	304	0.7	1	219 85
123	268	0.7	1	222 46
124	315	0.7	1	261 54
125	433	0.7	1	341 92
126	808	0.7	1	662 146
127	377	0.7	1	320 57
128	725	0.7	1	634 91
129	564	0.7	1	485 79
130	115953	0.7	1	110581 5372
131	3581	0.7	1	3325 256
132	2139	0.7	1	2000 139
133	949	0.7	1	868 81
134	2632	0.7	1	2442 190
135	1258	0.7	1	1178 80
136	1963	0.7	1	1835 128
137	2527	0.7	1	2336 191
138	3049	0.7	1	2816 233
139	3021	0.7	1	2842 179
140	5145	0.7	1	4845 300
141	3580	0.7	1	3290 290
142	6124	0.7	1	1747 4377
143	11823	0.7	1	11430 393
144	18517	0.7	1	18373 144
145	16879	0.7	1	16714 165
146	6948	0.7	1	6788 160
147	7161	0.7	1	6935 226
148	6803	0.7	1	6673 130
149	2733	0.7	1	2052 681
150	297823	0.7	1	17680 280143

RUN STATISTICS FOR INPUT FILE: /mnt/xomics/remcovc/raw_data_recognition_2020-03/umi_extracted/052_CGTCTTGT-TCTCGCAA_L004_R1.processed.fastq.gz
=============================================
45289523 sequences processed in total

