
SUMMARISING RUN PARAMETERS
==========================
Input filename: /mnt/xomics/remcovc/raw_data_recognition_2020-03/umi_extracted/053_GATCCATG-TGGAGTTG_L004_R1.processed.fastq.gz
Trimming mode: paired-end
Trim Galore version: 0.6.6
Cutadapt version: 3.4
Number of cores used for trimming: 1
Quality Phred score cutoff: 20
Quality encoding type selected: ASCII+33
Using Illumina adapter for trimming (count: 4517). Second best hit was Nextera (count: 5)
Adapter sequence: 'AGATCGGAAGAGC' (Illumina TruSeq, Sanger iPCR; auto-detected)
Maximum trimming error rate: 0.1 (default)
Minimum required adapter overlap (stringency): 1 bp
Minimum required sequence length for both reads before a sequence pair gets removed: 20 bp
Running FastQC on the data once trimming has completed
Output file will be GZIP compressed


This is cutadapt 3.4 with Python 3.8.5
Command line parameters: -j 1 -e 0.1 -q 20 -O 1 -a AGATCGGAAGAGC /mnt/xomics/remcovc/raw_data_recognition_2020-03/umi_extracted/053_GATCCATG-TGGAGTTG_L004_R1.processed.fastq.gz
Processing reads on 1 core in single-end mode ...
Finished in 1676.02 s (32 µs/read; 1.90 M reads/minute).

=== Summary ===

Total reads processed:              53,204,221
Reads with adapters:                18,210,120 (34.2%)
Reads written (passing filters):    53,204,221 (100.0%)

Total basepairs processed: 7,980,633,150 bp
Quality-trimmed:              13,418,602 bp (0.2%)
Total written (filtered):  7,905,293,943 bp (99.1%)

=== Adapter 1 ===

Sequence: AGATCGGAAGAGC; Type: regular 3'; Length: 13; Trimmed: 18210120 times

No. of allowed errors:
1-9 bp: 0; 10-13 bp: 1

Bases preceding removed adapters:
  A: 30.5%
  C: 32.0%
  G: 23.7%
  T: 13.6%
  none/other: 0.2%

Overview of removed sequences
length	count	expect	max.err	error counts
1	12284563	13301055.2	0	12284563
2	3951715	3325263.8	0	3951715
3	1198202	831316.0	0	1198202
4	256479	207829.0	0	256479
5	68687	51957.2	0	68687
6	17251	12989.3	0	17251
7	13742	3247.3	0	13742
8	10475	811.8	0	10475
9	10757	203.0	0	9269 1488
10	10839	50.7	1	8435 2404
11	9628	12.7	1	8255 1373
12	8486	3.2	1	8002 484
13	7629	0.8	1	7311 318
14	7512	0.8	1	7115 397
15	7173	0.8	1	6864 309
16	6665	0.8	1	6324 341
17	6833	0.8	1	6453 380
18	6778	0.8	1	6500 278
19	4886	0.8	1	4653 233
20	5677	0.8	1	5454 223
21	5493	0.8	1	5230 263
22	4894	0.8	1	4652 242
23	5158	0.8	1	4875 283
24	4854	0.8	1	4556 298
25	4627	0.8	1	4408 219
26	3502	0.8	1	3356 146
27	4022	0.8	1	3797 225
28	3616	0.8	1	3425 191
29	3652	0.8	1	3397 255
30	3604	0.8	1	3448 156
31	2777	0.8	1	2618 159
32	3133	0.8	1	2962 171
33	2677	0.8	1	2499 178
34	2926	0.8	1	2709 217
35	2428	0.8	1	2301 127
36	2679	0.8	1	2514 165
37	1974	0.8	1	1830 144
38	2132	0.8	1	1991 141
39	1912	0.8	1	1801 111
40	2038	0.8	1	1907 131
41	1665	0.8	1	1528 137
42	1617	0.8	1	1521 96
43	1550	0.8	1	1439 111
44	1449	0.8	1	1351 98
45	1364	0.8	1	1252 112
46	1303	0.8	1	1157 146
47	1255	0.8	1	1140 115
48	1186	0.8	1	1070 116
49	1090	0.8	1	959 131
50	990	0.8	1	892 98
51	981	0.8	1	870 111
52	1084	0.8	1	972 112
53	828	0.8	1	727 101
54	1242	0.8	1	1141 101
55	306	0.8	1	231 75
56	590	0.8	1	529 61
57	1302	0.8	1	1199 103
58	697	0.8	1	611 86
59	333	0.8	1	291 42
60	593	0.8	1	529 64
61	506	0.8	1	412 94
62	341	0.8	1	250 91
63	447	0.8	1	370 77
64	549	0.8	1	495 54
65	319	0.8	1	238 81
66	301	0.8	1	246 55
67	268	0.8	1	184 84
68	336	0.8	1	273 63
69	149	0.8	1	112 37
70	149	0.8	1	76 73
71	338	0.8	1	284 54
72	190	0.8	1	151 39
73	191	0.8	1	106 85
74	182	0.8	1	119 63
75	755	0.8	1	628 127
76	197	0.8	1	148 49
77	207	0.8	1	170 37
78	122	0.8	1	71 51
79	133	0.8	1	58 75
80	81	0.8	1	45 36
81	151	0.8	1	85 66
82	146	0.8	1	99 47
83	190	0.8	1	118 72
84	212	0.8	1	145 67
85	202	0.8	1	164 38
86	247	0.8	1	175 72
87	184	0.8	1	110 74
88	142	0.8	1	106 36
89	144	0.8	1	112 32
90	151	0.8	1	91 60
91	148	0.8	1	95 53
92	138	0.8	1	92 46
93	117	0.8	1	61 56
94	160	0.8	1	81 79
95	107	0.8	1	76 31
96	139	0.8	1	111 28
97	138	0.8	1	78 60
98	129	0.8	1	72 57
99	124	0.8	1	63 61
100	113	0.8	1	68 45
101	185	0.8	1	60 125
102	103	0.8	1	53 50
103	123	0.8	1	58 65
104	119	0.8	1	72 47
105	92	0.8	1	49 43
106	87	0.8	1	40 47
107	84	0.8	1	42 42
108	122	0.8	1	48 74
109	105	0.8	1	57 48
110	92	0.8	1	44 48
111	131	0.8	1	63 68
112	148	0.8	1	53 95
113	112	0.8	1	77 35
114	131	0.8	1	88 43
115	117	0.8	1	70 47
116	112	0.8	1	52 60
117	92	0.8	1	78 14
118	160	0.8	1	98 62
119	167	0.8	1	94 73
120	124	0.8	1	68 56
121	126	0.8	1	62 64
122	130	0.8	1	66 64
123	110	0.8	1	70 40
124	76	0.8	1	53 23
125	137	0.8	1	86 51
126	128	0.8	1	99 29
127	115	0.8	1	66 49
128	138	0.8	1	117 21
129	150	0.8	1	123 27
130	39674	0.8	1	37848 1826
131	1374	0.8	1	1277 97
132	584	0.8	1	528 56
133	259	0.8	1	158 101
134	416	0.8	1	334 82
135	261	0.8	1	217 44
136	324	0.8	1	284 40
137	489	0.8	1	388 101
138	678	0.8	1	632 46
139	678	0.8	1	582 96
140	1272	0.8	1	1169 103
141	965	0.8	1	809 156
142	1092	0.8	1	322 770
143	1863	0.8	1	1799 64
144	3988	0.8	1	3916 72
145	9971	0.8	1	9888 83
146	2017	0.8	1	1966 51
147	1956	0.8	1	1806 150
148	1612	0.8	1	1517 95
149	849	0.8	1	421 428
150	143939	0.8	1	4061 139878

RUN STATISTICS FOR INPUT FILE: /mnt/xomics/remcovc/raw_data_recognition_2020-03/umi_extracted/053_GATCCATG-TGGAGTTG_L004_R1.processed.fastq.gz
=============================================
53204221 sequences processed in total

