
SUMMARISING RUN PARAMETERS
==========================
Input filename: /mnt/xomics/remcovc/raw_data_recognition_2020-03/umi_extracted/054_GTTAAGGC-TCGAAGGT_L003_R3.processed.fastq.gz
Trimming mode: paired-end
Trim Galore version: 0.6.6
Cutadapt version: 3.4
Number of cores used for trimming: 1
Quality Phred score cutoff: 20
Quality encoding type selected: ASCII+33
Using Illumina adapter for trimming (count: 15871). Second best hit was smallRNA (count: 7)
Adapter sequence: 'AGATCGGAAGAGC' (Illumina TruSeq, Sanger iPCR; auto-detected)
Maximum trimming error rate: 0.1 (default)
Minimum required adapter overlap (stringency): 1 bp
Minimum required sequence length for both reads before a sequence pair gets removed: 20 bp
Running FastQC on the data once trimming has completed
Output file will be GZIP compressed


This is cutadapt 3.4 with Python 3.8.5
Command line parameters: -j 1 -e 0.1 -q 20 -O 1 -a AGATCGGAAGAGC /mnt/xomics/remcovc/raw_data_recognition_2020-03/umi_extracted/054_GTTAAGGC-TCGAAGGT_L003_R3.processed.fastq.gz
Processing reads on 1 core in single-end mode ...
Finished in 2827.59 s (38 µs/read; 1.57 M reads/minute).

=== Summary ===

Total reads processed:              74,108,670
Reads with adapters:                24,018,646 (32.4%)
Reads written (passing filters):    74,108,670 (100.0%)

Total basepairs processed: 11,116,300,500 bp
Quality-trimmed:              19,394,245 bp (0.2%)
Total written (filtered):  10,980,778,985 bp (98.8%)

=== Adapter 1 ===

Sequence: AGATCGGAAGAGC; Type: regular 3'; Length: 13; Trimmed: 24018646 times

No. of allowed errors:
1-9 bp: 0; 10-13 bp: 1

Bases preceding removed adapters:
  A: 26.9%
  C: 34.4%
  G: 22.5%
  T: 16.2%
  none/other: 0.0%

Overview of removed sequences
length	count	expect	max.err	error counts
1	15795411	18527167.5	0	15795411
2	5228816	4631791.9	0	5228816
3	1297440	1157948.0	0	1297440
4	305867	289487.0	0	305867
5	93955	72371.7	0	93955
6	40912	18092.9	0	40912
7	34867	4523.2	0	34867
8	36870	1130.8	0	36870
9	29351	282.7	0	28437 914
10	33273	70.7	1	30860 2413
11	28982	17.7	1	27144 1838
12	29782	4.4	1	27899 1883
13	28210	1.1	1	26659 1551
14	29993	1.1	1	28229 1764
15	22240	1.1	1	21033 1207
16	24485	1.1	1	23039 1446
17	27575	1.1	1	26058 1517
18	18024	1.1	1	16928 1096
19	24463	1.1	1	22993 1470
20	21450	1.1	1	20305 1145
21	17103	1.1	1	16153 950
22	19298	1.1	1	18242 1056
23	18471	1.1	1	17475 996
24	18756	1.1	1	17345 1411
25	17650	1.1	1	16845 805
26	15115	1.1	1	14289 826
27	14531	1.1	1	13620 911
28	14691	1.1	1	13829 862
29	12532	1.1	1	11816 716
30	12502	1.1	1	11797 705
31	12913	1.1	1	12123 790
32	11025	1.1	1	10358 667
33	12299	1.1	1	11470 829
34	10895	1.1	1	10213 682
35	10499	1.1	1	9808 691
36	10212	1.1	1	9592 620
37	8179	1.1	1	7712 467
38	9308	1.1	1	8737 571
39	7130	1.1	1	6687 443
40	8781	1.1	1	8330 451
41	5277	1.1	1	4833 444
42	7629	1.1	1	7223 406
43	4599	1.1	1	4275 324
44	7303	1.1	1	6822 481
45	7236	1.1	1	6826 410
46	4512	1.1	1	4106 406
47	8397	1.1	1	8050 347
48	1707	1.1	1	1476 231
49	3986	1.1	1	3798 188
50	1580	1.1	1	1420 160
51	2030	1.1	1	1859 171
52	1518	1.1	1	1343 175
53	2981	1.1	1	2705 276
54	4253	1.1	1	3944 309
55	1233	1.1	1	1018 215
56	2798	1.1	1	2513 285
57	6429	1.1	1	6085 344
58	1307	1.1	1	1117 190
59	888	1.1	1	714 174
60	3514	1.1	1	3256 258
61	913	1.1	1	693 220
62	698	1.1	1	577 121
63	3181	1.1	1	2885 296
64	2231	1.1	1	2007 224
65	436	1.1	1	353 83
66	651	1.1	1	533 118
67	549	1.1	1	421 128
68	417	1.1	1	312 105
69	545	1.1	1	390 155
70	754	1.1	1	603 151
71	409	1.1	1	281 128
72	315	1.1	1	232 83
73	518	1.1	1	336 182
74	331	1.1	1	266 65
75	627	1.1	1	443 184
76	693	1.1	1	483 210
77	579	1.1	1	432 147
78	543	1.1	1	406 137
79	645	1.1	1	446 199
80	673	1.1	1	509 164
81	450	1.1	1	320 130
82	560	1.1	1	419 141
83	529	1.1	1	367 162
84	471	1.1	1	368 103
85	556	1.1	1	409 147
86	532	1.1	1	378 154
87	503	1.1	1	366 137
88	405	1.1	1	309 96
89	426	1.1	1	311 115
90	386	1.1	1	274 112
91	386	1.1	1	284 102
92	483	1.1	1	321 162
93	401	1.1	1	274 127
94	378	1.1	1	266 112
95	385	1.1	1	264 121
96	422	1.1	1	283 139
97	370	1.1	1	232 138
98	425	1.1	1	273 152
99	331	1.1	1	210 121
100	369	1.1	1	225 144
101	344	1.1	1	204 140
102	341	1.1	1	200 141
103	283	1.1	1	192 91
104	221	1.1	1	129 92
105	302	1.1	1	205 97
106	177	1.1	1	133 44
107	228	1.1	1	139 89
108	228	1.1	1	174 54
109	254	1.1	1	128 126
110	278	1.1	1	143 135
111	180	1.1	1	134 46
112	195	1.1	1	113 82
113	227	1.1	1	145 82
114	264	1.1	1	135 129
115	188	1.1	1	141 47
116	219	1.1	1	108 111
117	127	1.1	1	89 38
118	206	1.1	1	107 99
119	154	1.1	1	100 54
120	262	1.1	1	131 131
121	228	1.1	1	119 109
122	226	1.1	1	106 120
123	270	1.1	1	194 76
124	254	1.1	1	191 63
125	764	1.1	1	656 108
126	2446	1.1	1	2354 92
127	342	1.1	1	256 86
128	3299	1.1	1	3170 129
129	2009	1.1	1	1772 237
130	412500	1.1	1	404028 8472
131	12216	1.1	1	11409 807
132	7687	1.1	1	7257 430
133	1232	1.1	1	1034 198
134	2808	1.1	1	2522 286
135	1329	1.1	1	1149 180
136	1235	1.1	1	1045 190
137	1891	1.1	1	1543 348
138	3284	1.1	1	2813 471
139	1807	1.1	1	1447 360
140	1923	1.1	1	1144 779
141	4376	1.1	1	2341 2035
142	1541	1.1	1	807 734
143	3504	1.1	1	1679 1825
144	5998	1.1	1	2102 3896
145	10343	1.1	1	3877 6466
146	1677	1.1	1	658 1019
147	1676	1.1	1	840 836
148	3378	1.1	1	1241 2137
149	660	1.1	1	367 293
150	5556	1.1	1	2992 2564

RUN STATISTICS FOR INPUT FILE: /mnt/xomics/remcovc/raw_data_recognition_2020-03/umi_extracted/054_GTTAAGGC-TCGAAGGT_L003_R3.processed.fastq.gz
=============================================
74108670 sequences processed in total

Total number of sequences analysed for the sequence pair length validation: 74108670

Number of sequence pairs removed because at least one read was shorter than the length cutoff (20 bp): 431851 (0.58%)
