
SUMMARISING RUN PARAMETERS
==========================
Input filename: /mnt/xomics/remcovc/raw_data_recognition_2020-03/umi_extracted/054_GTTAAGGC-TCGAAGGT_L003_R1.processed.fastq.gz
Trimming mode: paired-end
Trim Galore version: 0.6.6
Cutadapt version: 3.4
Number of cores used for trimming: 1
Quality Phred score cutoff: 20
Quality encoding type selected: ASCII+33
Using Illumina adapter for trimming (count: 15871). Second best hit was smallRNA (count: 7)
Adapter sequence: 'AGATCGGAAGAGC' (Illumina TruSeq, Sanger iPCR; auto-detected)
Maximum trimming error rate: 0.1 (default)
Minimum required adapter overlap (stringency): 1 bp
Minimum required sequence length for both reads before a sequence pair gets removed: 20 bp
Running FastQC on the data once trimming has completed
Output file will be GZIP compressed


This is cutadapt 3.4 with Python 3.8.5
Command line parameters: -j 1 -e 0.1 -q 20 -O 1 -a AGATCGGAAGAGC /mnt/xomics/remcovc/raw_data_recognition_2020-03/umi_extracted/054_GTTAAGGC-TCGAAGGT_L003_R1.processed.fastq.gz
Processing reads on 1 core in single-end mode ...
Finished in 2440.86 s (33 µs/read; 1.82 M reads/minute).

=== Summary ===

Total reads processed:              74,108,670
Reads with adapters:                26,264,005 (35.4%)
Reads written (passing filters):    74,108,670 (100.0%)

Total basepairs processed: 11,116,300,500 bp
Quality-trimmed:              17,066,959 bp (0.2%)
Total written (filtered):  10,930,082,159 bp (98.3%)

=== Adapter 1 ===

Sequence: AGATCGGAAGAGC; Type: regular 3'; Length: 13; Trimmed: 26264005 times

No. of allowed errors:
1-9 bp: 0; 10-13 bp: 1

Bases preceding removed adapters:
  A: 29.6%
  C: 31.1%
  G: 25.4%
  T: 13.9%
  none/other: 0.0%

Overview of removed sequences
length	count	expect	max.err	error counts
1	16987061	18527167.5	0	16987061
2	5457994	4631791.9	0	5457994
3	1675828	1157948.0	0	1675828
4	378876	289487.0	0	378876
5	114818	72371.7	0	114818
6	45911	18092.9	0	45911
7	37636	4523.2	0	37636
8	35943	1130.8	0	35943
9	33494	282.7	0	31143 2351
10	32985	70.7	1	29560 3425
11	31453	17.7	1	29081 2372
12	29844	4.4	1	28543 1301
13	27659	1.1	1	26674 985
14	26928	1.1	1	25859 1069
15	25243	1.1	1	24376 867
16	24630	1.1	1	23637 993
17	25145	1.1	1	23958 1187
18	24121	1.1	1	23315 806
19	19306	1.1	1	18637 669
20	20982	1.1	1	20280 702
21	19824	1.1	1	19167 657
22	18953	1.1	1	18360 593
23	18868	1.1	1	18219 649
24	17627	1.1	1	16771 856
25	17201	1.1	1	16492 709
26	14560	1.1	1	14063 497
27	15591	1.1	1	14974 617
28	14245	1.1	1	13664 581
29	13636	1.1	1	13061 575
30	13855	1.1	1	13311 544
31	10917	1.1	1	10506 411
32	11642	1.1	1	11187 455
33	10939	1.1	1	10387 552
34	10931	1.1	1	10486 445
35	10199	1.1	1	9871 328
36	9168	1.1	1	8782 386
37	8364	1.1	1	8059 305
38	8520	1.1	1	8065 455
39	7905	1.1	1	7402 503
40	7057	1.1	1	6682 375
41	6675	1.1	1	6343 332
42	6416	1.1	1	6135 281
43	6018	1.1	1	5666 352
44	5526	1.1	1	5267 259
45	5417	1.1	1	5121 296
46	5126	1.1	1	4799 327
47	4714	1.1	1	4459 255
48	4313	1.1	1	4044 269
49	3944	1.1	1	3572 372
50	3828	1.1	1	3537 291
51	3647	1.1	1	3333 314
52	3650	1.1	1	3432 218
53	2890	1.1	1	2673 217
54	4534	1.1	1	4325 209
55	992	1.1	1	851 141
56	2019	1.1	1	1899 120
57	3648	1.1	1	3397 251
58	2185	1.1	1	1980 205
59	1326	1.1	1	1190 136
60	2070	1.1	1	1878 192
61	1639	1.1	1	1451 188
62	1197	1.1	1	1043 154
63	1453	1.1	1	1306 147
64	1969	1.1	1	1748 221
65	1163	1.1	1	979 184
66	1104	1.1	1	990 114
67	939	1.1	1	833 106
68	1153	1.1	1	1038 115
69	603	1.1	1	528 75
70	524	1.1	1	382 142
71	1179	1.1	1	1042 137
72	779	1.1	1	645 134
73	537	1.1	1	441 96
74	619	1.1	1	448 171
75	2974	1.1	1	2697 277
76	738	1.1	1	673 65
77	707	1.1	1	578 129
78	463	1.1	1	373 90
79	467	1.1	1	306 161
80	219	1.1	1	176 43
81	337	1.1	1	261 76
82	565	1.1	1	481 84
83	611	1.1	1	563 48
84	824	1.1	1	717 107
85	1033	1.1	1	875 158
86	979	1.1	1	868 111
87	582	1.1	1	428 154
88	547	1.1	1	412 135
89	467	1.1	1	327 140
90	515	1.1	1	366 149
91	497	1.1	1	372 125
92	539	1.1	1	434 105
93	418	1.1	1	273 145
94	463	1.1	1	278 185
95	572	1.1	1	460 112
96	584	1.1	1	494 90
97	342	1.1	1	268 74
98	307	1.1	1	212 95
99	265	1.1	1	183 82
100	284	1.1	1	180 104
101	313	1.1	1	150 163
102	246	1.1	1	138 108
103	376	1.1	1	197 179
104	253	1.1	1	131 122
105	348	1.1	1	233 115
106	286	1.1	1	168 118
107	246	1.1	1	173 73
108	252	1.1	1	193 59
109	225	1.1	1	176 49
110	304	1.1	1	228 76
111	346	1.1	1	272 74
112	426	1.1	1	307 119
113	488	1.1	1	377 111
114	610	1.1	1	458 152
115	638	1.1	1	468 170
116	519	1.1	1	375 144
117	440	1.1	1	341 99
118	695	1.1	1	597 98
119	802	1.1	1	686 116
120	600	1.1	1	506 94
121	604	1.1	1	492 112
122	534	1.1	1	443 91
123	553	1.1	1	470 83
124	571	1.1	1	479 92
125	1191	1.1	1	967 224
126	3078	1.1	1	2640 438
127	767	1.1	1	701 66
128	3933	1.1	1	3689 244
129	1835	1.1	1	1533 302
130	411370	1.1	1	389345 22025
131	12986	1.1	1	12073 913
132	8250	1.1	1	7724 526
133	1804	1.1	1	1667 137
134	3512	1.1	1	3272 240
135	2310	1.1	1	2085 225
136	2445	1.1	1	2272 173
137	4058	1.1	1	3814 244
138	6201	1.1	1	5772 429
139	6404	1.1	1	6134 270
140	6959	1.1	1	6692 267
141	5308	1.1	1	4921 387
142	8224	1.1	1	2341 5883
143	14716	1.1	1	14236 480
144	37737	1.1	1	37502 235
145	68151	1.1	1	67919 232
146	10703	1.1	1	10518 185
147	11438	1.1	1	11204 234
148	14033	1.1	1	13917 116
149	3054	1.1	1	2531 523
150	176909	1.1	1	18348 158561

RUN STATISTICS FOR INPUT FILE: /mnt/xomics/remcovc/raw_data_recognition_2020-03/umi_extracted/054_GTTAAGGC-TCGAAGGT_L003_R1.processed.fastq.gz
=============================================
74108670 sequences processed in total

