
SUMMARISING RUN PARAMETERS
==========================
Input filename: /mnt/xomics/remcovc/raw_data_recognition_2020-03/umi_extracted/055_ACGTCGTA-GTTCATGG_L004_R1.processed.fastq.gz
Trimming mode: paired-end
Trim Galore version: 0.6.6
Cutadapt version: 3.4
Number of cores used for trimming: 1
Quality Phred score cutoff: 20
Quality encoding type selected: ASCII+33
Using Illumina adapter for trimming (count: 10715). Second best hit was smallRNA (count: 4)
Adapter sequence: 'AGATCGGAAGAGC' (Illumina TruSeq, Sanger iPCR; auto-detected)
Maximum trimming error rate: 0.1 (default)
Minimum required adapter overlap (stringency): 1 bp
Minimum required sequence length for both reads before a sequence pair gets removed: 20 bp
Running FastQC on the data once trimming has completed
Output file will be GZIP compressed


This is cutadapt 3.4 with Python 3.8.5
Command line parameters: -j 1 -e 0.1 -q 20 -O 1 -a AGATCGGAAGAGC /mnt/xomics/remcovc/raw_data_recognition_2020-03/umi_extracted/055_ACGTCGTA-GTTCATGG_L004_R1.processed.fastq.gz
Processing reads on 1 core in single-end mode ...
Finished in 1953.31 s (32 µs/read; 1.89 M reads/minute).

=== Summary ===

Total reads processed:              61,410,089
Reads with adapters:                21,911,430 (35.7%)
Reads written (passing filters):    61,410,089 (100.0%)

Total basepairs processed: 9,211,513,350 bp
Quality-trimmed:              14,274,661 bp (0.2%)
Total written (filtered):  9,030,081,024 bp (98.0%)

=== Adapter 1 ===

Sequence: AGATCGGAAGAGC; Type: regular 3'; Length: 13; Trimmed: 21911430 times

No. of allowed errors:
1-9 bp: 0; 10-13 bp: 1

Bases preceding removed adapters:
  A: 30.5%
  C: 31.0%
  G: 24.9%
  T: 13.5%
  none/other: 0.1%

Overview of removed sequences
length	count	expect	max.err	error counts
1	14248955	15352522.2	0	14248955
2	4595762	3838130.6	0	4595762
3	1400369	959532.6	0	1400369
4	302336	239883.2	0	302336
5	82845	59970.8	0	82845
6	24004	14992.7	0	24004
7	19425	3748.2	0	19425
8	14879	937.0	0	14879
9	15649	234.3	0	13545 2104
10	15205	58.6	1	12655 2550
11	13592	14.6	1	11866 1726
12	13029	3.7	1	12130 899
13	11522	0.9	1	11019 503
14	11161	0.9	1	10603 558
15	10621	0.9	1	10206 415
16	10123	0.9	1	9551 572
17	10377	0.9	1	9788 589
18	10123	0.9	1	9736 387
19	7663	0.9	1	7326 337
20	8461	0.9	1	8096 365
21	8283	0.9	1	7936 347
22	7782	0.9	1	7427 355
23	7568	0.9	1	7211 357
24	7347	0.9	1	6904 443
25	6943	0.9	1	6512 431
26	5716	0.9	1	5484 232
27	6275	0.9	1	5929 346
28	5930	0.9	1	5635 295
29	5779	0.9	1	5477 302
30	5718	0.9	1	5462 256
31	4502	0.9	1	4292 210
32	4810	0.9	1	4565 245
33	4579	0.9	1	4227 352
34	4307	0.9	1	4109 198
35	3940	0.9	1	3729 211
36	4065	0.9	1	3788 277
37	3901	0.9	1	3697 204
38	2822	0.9	1	2627 195
39	3312	0.9	1	3059 253
40	3092	0.9	1	2942 150
41	2757	0.9	1	2551 206
42	2807	0.9	1	2618 189
43	2527	0.9	1	2359 168
44	2397	0.9	1	2161 236
45	2182	0.9	1	2006 176
46	2153	0.9	1	1966 187
47	2097	0.9	1	1955 142
48	1803	0.9	1	1599 204
49	1746	0.9	1	1560 186
50	1747	0.9	1	1487 260
51	1572	0.9	1	1412 160
52	1650	0.9	1	1434 216
53	1289	0.9	1	1160 129
54	1974	0.9	1	1823 151
55	521	0.9	1	406 115
56	951	0.9	1	852 99
57	1929	0.9	1	1781 148
58	1110	0.9	1	969 141
59	629	0.9	1	501 128
60	1013	0.9	1	885 128
61	859	0.9	1	748 111
62	595	0.9	1	486 109
63	744	0.9	1	635 109
64	1036	0.9	1	915 121
65	625	0.9	1	523 102
66	566	0.9	1	472 94
67	495	0.9	1	401 94
68	588	0.9	1	511 77
69	304	0.9	1	227 77
70	280	0.9	1	192 88
71	688	0.9	1	586 102
72	461	0.9	1	375 86
73	358	0.9	1	281 77
74	403	0.9	1	320 83
75	5221	0.9	1	5011 210
76	1241	0.9	1	1118 123
77	542	0.9	1	427 115
78	262	0.9	1	190 72
79	239	0.9	1	150 89
80	214	0.9	1	142 72
81	329	0.9	1	239 90
82	392	0.9	1	349 43
83	434	0.9	1	367 67
84	603	0.9	1	486 117
85	522	0.9	1	413 109
86	619	0.9	1	530 89
87	435	0.9	1	311 124
88	451	0.9	1	285 166
89	377	0.9	1	293 84
90	489	0.9	1	380 109
91	353	0.9	1	286 67
92	473	0.9	1	383 90
93	401	0.9	1	296 105
94	420	0.9	1	284 136
95	403	0.9	1	297 106
96	524	0.9	1	480 44
97	380	0.9	1	307 73
98	269	0.9	1	210 59
99	292	0.9	1	184 108
100	186	0.9	1	108 78
101	262	0.9	1	128 134
102	231	0.9	1	139 92
103	248	0.9	1	117 131
104	240	0.9	1	134 106
105	200	0.9	1	103 97
106	272	0.9	1	126 146
107	242	0.9	1	105 137
108	218	0.9	1	129 89
109	186	0.9	1	118 68
110	230	0.9	1	135 95
111	281	0.9	1	152 129
112	345	0.9	1	233 112
113	251	0.9	1	191 60
114	388	0.9	1	278 110
115	381	0.9	1	238 143
116	302	0.9	1	250 52
117	265	0.9	1	192 73
118	437	0.9	1	317 120
119	446	0.9	1	323 123
120	463	0.9	1	314 149
121	328	0.9	1	245 83
122	450	0.9	1	323 127
123	373	0.9	1	250 123
124	518	0.9	1	399 119
125	601	0.9	1	441 160
126	1213	0.9	1	1060 153
127	454	0.9	1	345 109
128	1532	0.9	1	1345 187
129	1264	0.9	1	1041 223
130	381681	0.9	1	365797 15884
131	10374	0.9	1	9622 752
132	4996	0.9	1	4711 285
133	1415	0.9	1	1206 209
134	3048	0.9	1	2836 212
135	1422	0.9	1	1312 110
136	1935	0.9	1	1802 133
137	2220	0.9	1	2086 134
138	3004	0.9	1	2798 206
139	3412	0.9	1	3243 169
140	4176	0.9	1	3950 226
141	3777	0.9	1	3448 329
142	4992	0.9	1	1523 3469
143	9860	0.9	1	9593 267
144	18979	0.9	1	18766 213
145	21165	0.9	1	20978 187
146	5669	0.9	1	5545 124
147	6813	0.9	1	6605 208
148	9053	0.9	1	8878 175
149	3347	0.9	1	2090 1257
150	405772	0.9	1	10313 395459

RUN STATISTICS FOR INPUT FILE: /mnt/xomics/remcovc/raw_data_recognition_2020-03/umi_extracted/055_ACGTCGTA-GTTCATGG_L004_R1.processed.fastq.gz
=============================================
61410089 sequences processed in total

