
SUMMARISING RUN PARAMETERS
==========================
Input filename: /mnt/xomics/remcovc/raw_data_recognition_2020-03/umi_extracted/055_ACGTCGTA-GTTCATGG_L004_R3.processed.fastq.gz
Trimming mode: paired-end
Trim Galore version: 0.6.6
Cutadapt version: 3.4
Number of cores used for trimming: 1
Quality Phred score cutoff: 20
Quality encoding type selected: ASCII+33
Using Illumina adapter for trimming (count: 10715). Second best hit was smallRNA (count: 4)
Adapter sequence: 'AGATCGGAAGAGC' (Illumina TruSeq, Sanger iPCR; auto-detected)
Maximum trimming error rate: 0.1 (default)
Minimum required adapter overlap (stringency): 1 bp
Minimum required sequence length for both reads before a sequence pair gets removed: 20 bp
Running FastQC on the data once trimming has completed
Output file will be GZIP compressed


This is cutadapt 3.4 with Python 3.8.5
Command line parameters: -j 1 -e 0.1 -q 20 -O 1 -a AGATCGGAAGAGC /mnt/xomics/remcovc/raw_data_recognition_2020-03/umi_extracted/055_ACGTCGTA-GTTCATGG_L004_R3.processed.fastq.gz
Processing reads on 1 core in single-end mode ...
Finished in 2511.63 s (41 µs/read; 1.47 M reads/minute).

=== Summary ===

Total reads processed:              61,410,089
Reads with adapters:                19,332,366 (31.5%)
Reads written (passing filters):    61,410,089 (100.0%)

Total basepairs processed: 9,211,513,350 bp
Quality-trimmed:              16,280,806 bp (0.2%)
Total written (filtered):  9,103,300,652 bp (98.8%)

=== Adapter 1 ===

Sequence: AGATCGGAAGAGC; Type: regular 3'; Length: 13; Trimmed: 19332366 times

No. of allowed errors:
1-9 bp: 0; 10-13 bp: 1

Bases preceding removed adapters:
  A: 26.7%
  C: 34.6%
  G: 22.5%
  T: 16.3%
  none/other: 0.0%

Overview of removed sequences
length	count	expect	max.err	error counts
1	12946939	15352522.2	0	12946939
2	4277771	3838130.6	0	4277771
3	1024658	959532.6	0	1024658
4	236169	239883.2	0	236169
5	63620	59970.8	0	63620
6	19580	14992.7	0	19580
7	15072	3748.2	0	15072
8	15166	937.0	0	15166
9	13030	234.3	0	12349 681
10	14840	58.6	1	13268 1572
11	12125	14.6	1	11212 913
12	12755	3.7	1	11836 919
13	11907	0.9	1	11172 735
14	12285	0.9	1	11581 704
15	9492	0.9	1	8900 592
16	9958	0.9	1	9363 595
17	11584	0.9	1	10937 647
18	7271	0.9	1	6801 470
19	9871	0.9	1	9264 607
20	8753	0.9	1	8287 466
21	7133	0.9	1	6795 338
22	7895	0.9	1	7463 432
23	7523	0.9	1	7053 470
24	7979	0.9	1	7397 582
25	7037	0.9	1	6646 391
26	6110	0.9	1	5745 365
27	5420	0.9	1	5094 326
28	6303	0.9	1	5899 404
29	5306	0.9	1	4965 341
30	5368	0.9	1	5041 327
31	5201	0.9	1	4899 302
32	4827	0.9	1	4568 259
33	4441	0.9	1	4105 336
34	4502	0.9	1	4212 290
35	4051	0.9	1	3720 331
36	4700	0.9	1	4313 387
37	3816	0.9	1	3502 314
38	4938	0.9	1	4565 373
39	2379	0.9	1	2235 144
40	2696	0.9	1	2445 251
41	2713	0.9	1	2507 206
42	3679	0.9	1	3419 260
43	2133	0.9	1	1903 230
44	6756	0.9	1	6363 393
45	2841	0.9	1	2622 219
46	1024	0.9	1	904 120
47	2593	0.9	1	2427 166
48	910	0.9	1	752 158
49	1086	0.9	1	1000 86
50	643	0.9	1	569 74
51	637	0.9	1	555 82
52	527	0.9	1	453 74
53	1109	0.9	1	976 133
54	1512	0.9	1	1359 153
55	725	0.9	1	637 88
56	1085	0.9	1	951 134
57	1702	0.9	1	1529 173
58	854	0.9	1	708 146
59	727	0.9	1	536 191
60	1217	0.9	1	1097 120
61	660	0.9	1	530 130
62	440	0.9	1	364 76
63	944	0.9	1	845 99
64	1244	0.9	1	1114 130
65	582	0.9	1	468 114
66	608	0.9	1	493 115
67	453	0.9	1	335 118
68	288	0.9	1	216 72
69	271	0.9	1	196 75
70	295	0.9	1	214 81
71	214	0.9	1	136 78
72	179	0.9	1	91 88
73	285	0.9	1	104 181
74	173	0.9	1	91 82
75	224	0.9	1	139 85
76	199	0.9	1	128 71
77	277	0.9	1	189 88
78	282	0.9	1	174 108
79	337	0.9	1	217 120
80	393	0.9	1	244 149
81	366	0.9	1	232 134
82	303	0.9	1	203 100
83	308	0.9	1	213 95
84	348	0.9	1	229 119
85	306	0.9	1	192 114
86	292	0.9	1	197 95
87	256	0.9	1	185 71
88	254	0.9	1	176 78
89	354	0.9	1	210 144
90	348	0.9	1	253 95
91	269	0.9	1	167 102
92	334	0.9	1	179 155
93	346	0.9	1	229 117
94	350	0.9	1	215 135
95	333	0.9	1	197 136
96	371	0.9	1	223 148
97	328	0.9	1	223 105
98	292	0.9	1	207 85
99	267	0.9	1	186 81
100	177	0.9	1	126 51
101	194	0.9	1	137 57
102	248	0.9	1	132 116
103	184	0.9	1	104 80
104	179	0.9	1	94 85
105	142	0.9	1	91 51
106	157	0.9	1	115 42
107	169	0.9	1	99 70
108	173	0.9	1	107 66
109	184	0.9	1	97 87
110	145	0.9	1	92 53
111	185	0.9	1	90 95
112	202	0.9	1	118 84
113	96	0.9	1	67 29
114	204	0.9	1	119 85
115	117	0.9	1	71 46
116	212	0.9	1	101 111
117	154	0.9	1	79 75
118	172	0.9	1	115 57
119	120	0.9	1	68 52
120	184	0.9	1	130 54
121	179	0.9	1	70 109
122	182	0.9	1	133 49
123	130	0.9	1	87 43
124	368	0.9	1	257 111
125	305	0.9	1	269 36
126	920	0.9	1	887 33
127	171	0.9	1	124 47
128	1204	0.9	1	1116 88
129	1311	0.9	1	1210 101
130	381710	0.9	1	375570 6140
131	9900	0.9	1	9409 491
132	4537	0.9	1	4306 231
133	1048	0.9	1	897 151
134	2731	0.9	1	2536 195
135	1108	0.9	1	925 183
136	1350	0.9	1	1156 194
137	1450	0.9	1	1239 211
138	2034	0.9	1	1781 253
139	1383	0.9	1	1164 219
140	1633	0.9	1	1101 532
141	2970	0.9	1	1920 1050
142	942	0.9	1	599 343
143	2847	0.9	1	1631 1216
144	4105	0.9	1	1803 2302
145	5108	0.9	1	2378 2730
146	1295	0.9	1	741 554
147	1281	0.9	1	706 575
148	2671	0.9	1	1189 1482
149	655	0.9	1	315 340
150	3923	0.9	1	2010 1913

RUN STATISTICS FOR INPUT FILE: /mnt/xomics/remcovc/raw_data_recognition_2020-03/umi_extracted/055_ACGTCGTA-GTTCATGG_L004_R3.processed.fastq.gz
=============================================
61410089 sequences processed in total

Total number of sequences analysed for the sequence pair length validation: 61410089

Number of sequence pairs removed because at least one read was shorter than the length cutoff (20 bp): 543750 (0.89%)
