
SUMMARISING RUN PARAMETERS
==========================
Input filename: /mnt/xomics/remcovc/raw_data_recognition_2020-03/umi_extracted/057_ACGGTCTT-TCCGAGTT_L004_R1.processed.fastq.gz
Trimming mode: paired-end
Trim Galore version: 0.6.6
Cutadapt version: 3.4
Number of cores used for trimming: 1
Quality Phred score cutoff: 20
Quality encoding type selected: ASCII+33
Using Illumina adapter for trimming (count: 8551). Second best hit was smallRNA (count: 5)
Adapter sequence: 'AGATCGGAAGAGC' (Illumina TruSeq, Sanger iPCR; auto-detected)
Maximum trimming error rate: 0.1 (default)
Minimum required adapter overlap (stringency): 1 bp
Minimum required sequence length for both reads before a sequence pair gets removed: 20 bp
Running FastQC on the data once trimming has completed
Output file will be GZIP compressed


This is cutadapt 3.4 with Python 3.8.5
Command line parameters: -j 1 -e 0.1 -q 20 -O 1 -a AGATCGGAAGAGC /mnt/xomics/remcovc/raw_data_recognition_2020-03/umi_extracted/057_ACGGTCTT-TCCGAGTT_L004_R1.processed.fastq.gz
Processing reads on 1 core in single-end mode ...
Finished in 1343.33 s (32 µs/read; 1.87 M reads/minute).

=== Summary ===

Total reads processed:              41,964,724
Reads with adapters:                14,792,211 (35.2%)
Reads written (passing filters):    41,964,724 (100.0%)

Total basepairs processed: 6,294,708,600 bp
Quality-trimmed:              10,032,774 bp (0.2%)
Total written (filtered):  6,182,272,987 bp (98.2%)

=== Adapter 1 ===

Sequence: AGATCGGAAGAGC; Type: regular 3'; Length: 13; Trimmed: 14792211 times

No. of allowed errors:
1-9 bp: 0; 10-13 bp: 1

Bases preceding removed adapters:
  A: 29.5%
  C: 31.3%
  G: 23.8%
  T: 13.2%
  none/other: 2.1%

Overview of removed sequences
length	count	expect	max.err	error counts
1	9630910	10491181.0	0	9630910
2	3078899	2622795.2	0	3078899
3	941920	655698.8	0	941920
4	211524	163924.7	0	211524
5	63819	40981.2	0	63819
6	23771	10245.3	0	23771
7	19936	2561.3	0	19936
8	17077	640.3	0	17077
9	16813	160.1	0	15520 1293
10	16202	40.0	1	14332 1870
11	15140	10.0	1	13784 1356
12	13989	2.5	1	13380 609
13	12445	0.6	1	11968 477
14	12564	0.6	1	12063 501
15	11379	0.6	1	10976 403
16	10546	0.6	1	10105 441
17	11029	0.6	1	10541 488
18	10832	0.6	1	10465 367
19	8087	0.6	1	7792 295
20	8957	0.6	1	8690 267
21	8529	0.6	1	8207 322
22	7709	0.6	1	7447 262
23	7703	0.6	1	7414 289
24	7318	0.6	1	6981 337
25	6936	0.6	1	6645 291
26	5640	0.6	1	5463 177
27	5930	0.6	1	5671 259
28	5495	0.6	1	5292 203
29	5378	0.6	1	5100 278
30	5479	0.6	1	5263 216
31	4224	0.6	1	4016 208
32	4225	0.6	1	4020 205
33	4243	0.6	1	4006 237
34	3708	0.6	1	3556 152
35	3570	0.6	1	3392 178
36	3404	0.6	1	3237 167
37	3010	0.6	1	2898 112
38	3190	0.6	1	3024 166
39	2553	0.6	1	2445 108
40	2532	0.6	1	2411 121
41	2496	0.6	1	2372 124
42	2173	0.6	1	2052 121
43	2079	0.6	1	1957 122
44	2038	0.6	1	1908 130
45	1808	0.6	1	1664 144
46	1656	0.6	1	1547 109
47	1539	0.6	1	1460 79
48	1347	0.6	1	1258 89
49	1292	0.6	1	1181 111
50	1259	0.6	1	1145 114
51	1141	0.6	1	1056 85
52	1181	0.6	1	1080 101
53	976	0.6	1	898 78
54	1497	0.6	1	1403 94
55	307	0.6	1	223 84
56	561	0.6	1	514 47
57	1226	0.6	1	1157 69
58	704	0.6	1	609 95
59	364	0.6	1	321 43
60	650	0.6	1	592 58
61	516	0.6	1	469 47
62	332	0.6	1	300 32
63	424	0.6	1	399 25
64	643	0.6	1	584 59
65	325	0.6	1	288 37
66	333	0.6	1	263 70
67	245	0.6	1	204 41
68	354	0.6	1	317 37
69	192	0.6	1	145 47
70	155	0.6	1	115 40
71	356	0.6	1	331 25
72	326	0.6	1	230 96
73	178	0.6	1	128 50
74	197	0.6	1	131 66
75	2222	0.6	1	2084 138
76	509	0.6	1	448 61
77	311	0.6	1	226 85
78	164	0.6	1	95 69
79	176	0.6	1	77 99
80	138	0.6	1	100 38
81	209	0.6	1	179 30
82	331	0.6	1	262 69
83	295	0.6	1	260 35
84	388	0.6	1	329 59
85	329	0.6	1	279 50
86	405	0.6	1	352 53
87	273	0.6	1	222 51
88	323	0.6	1	266 57
89	348	0.6	1	300 48
90	409	0.6	1	364 45
91	407	0.6	1	357 50
92	435	0.6	1	381 54
93	581	0.6	1	490 91
94	496	0.6	1	398 98
95	448	0.6	1	394 54
96	560	0.6	1	515 45
97	323	0.6	1	294 29
98	233	0.6	1	188 45
99	195	0.6	1	134 61
100	154	0.6	1	117 37
101	148	0.6	1	94 54
102	98	0.6	1	75 23
103	106	0.6	1	59 47
104	107	0.6	1	54 53
105	89	0.6	1	39 50
106	96	0.6	1	45 51
107	123	0.6	1	69 54
108	109	0.6	1	54 55
109	133	0.6	1	66 67
110	98	0.6	1	73 25
111	117	0.6	1	82 35
112	146	0.6	1	94 52
113	162	0.6	1	129 33
114	172	0.6	1	135 37
115	212	0.6	1	147 65
116	146	0.6	1	112 34
117	123	0.6	1	90 33
118	205	0.6	1	148 57
119	252	0.6	1	219 33
120	166	0.6	1	142 24
121	159	0.6	1	126 33
122	186	0.6	1	127 59
123	210	0.6	1	156 54
124	1111	0.6	1	843 268
125	1551	0.6	1	1222 329
126	1670	0.6	1	1404 266
127	380	0.6	1	253 127
128	776	0.6	1	687 89
129	466	0.6	1	398 68
130	78583	0.6	1	74772 3811
131	3745	0.6	1	3357 388
132	1383	0.6	1	1251 132
133	613	0.6	1	532 81
134	927	0.6	1	793 134
135	545	0.6	1	475 70
136	773	0.6	1	690 83
137	903	0.6	1	814 89
138	1127	0.6	1	1008 119
139	1660	0.6	1	1532 128
140	2284	0.6	1	2113 171
141	2280	0.6	1	2067 213
142	2655	0.6	1	1138 1517
143	7133	0.6	1	6922 211
144	10207	0.6	1	10100 107
145	10291	0.6	1	10161 130
146	4733	0.6	1	4629 104
147	4967	0.6	1	4792 175
148	5556	0.6	1	5432 124
149	3302	0.6	1	2211 1091
150	361080	0.6	1	7710 353370

RUN STATISTICS FOR INPUT FILE: /mnt/xomics/remcovc/raw_data_recognition_2020-03/umi_extracted/057_ACGGTCTT-TCCGAGTT_L004_R1.processed.fastq.gz
=============================================
41964724 sequences processed in total

