
SUMMARISING RUN PARAMETERS
==========================
Input filename: /mnt/xomics/remcovc/raw_data_recognition_2020-03/umi_extracted/059_TGTCCAGA-ATTCTGGC_L004_R3.processed.fastq.gz
Trimming mode: paired-end
Trim Galore version: 0.6.6
Cutadapt version: 3.4
Number of cores used for trimming: 1
Quality Phred score cutoff: 20
Quality encoding type selected: ASCII+33
Using Illumina adapter for trimming (count: 8505). Second best hit was smallRNA (count: 6)
Adapter sequence: 'AGATCGGAAGAGC' (Illumina TruSeq, Sanger iPCR; auto-detected)
Maximum trimming error rate: 0.1 (default)
Minimum required adapter overlap (stringency): 1 bp
Minimum required sequence length for both reads before a sequence pair gets removed: 20 bp
Running FastQC on the data once trimming has completed
Output file will be GZIP compressed


This is cutadapt 3.4 with Python 3.8.5
Command line parameters: -j 1 -e 0.1 -q 20 -O 1 -a AGATCGGAAGAGC /mnt/xomics/remcovc/raw_data_recognition_2020-03/umi_extracted/059_TGTCCAGA-ATTCTGGC_L004_R3.processed.fastq.gz
Processing reads on 1 core in single-end mode ...
Finished in 3002.94 s (39 µs/read; 1.54 M reads/minute).

=== Summary ===

Total reads processed:              76,890,726
Reads with adapters:                24,234,891 (31.5%)
Reads written (passing filters):    76,890,726 (100.0%)

Total basepairs processed: 11,533,608,900 bp
Quality-trimmed:              19,251,715 bp (0.2%)
Total written (filtered):  11,455,725,570 bp (99.3%)

=== Adapter 1 ===

Sequence: AGATCGGAAGAGC; Type: regular 3'; Length: 13; Trimmed: 24234891 times

No. of allowed errors:
1-9 bp: 0; 10-13 bp: 1

Bases preceding removed adapters:
  A: 26.7%
  C: 35.6%
  G: 21.6%
  T: 16.2%
  none/other: 0.0%

Overview of removed sequences
length	count	expect	max.err	error counts
1	16167156	19222681.5	0	16167156
2	5439573	4805670.4	0	5439573
3	1318660	1201417.6	0	1318660
4	316759	300354.4	0	316759
5	101630	75088.6	0	101630
6	45022	18772.1	0	45022
7	40379	4693.0	0	40379
8	42137	1173.3	0	42137
9	31264	293.3	0	30493 771
10	38374	73.3	1	35457 2917
11	31700	18.3	1	29930 1770
12	32694	4.6	1	30770 1924
13	29880	1.1	1	28423 1457
14	33324	1.1	1	31341 1983
15	24741	1.1	1	23462 1279
16	25654	1.1	1	24395 1259
17	32824	1.1	1	31193 1631
18	17106	1.1	1	16230 876
19	29135	1.1	1	27547 1588
20	22054	1.1	1	21124 930
21	17468	1.1	1	16875 593
22	20225	1.1	1	19227 998
23	19918	1.1	1	18858 1060
24	21817	1.1	1	20268 1549
25	18002	1.1	1	17237 765
26	15880	1.1	1	15189 691
27	13277	1.1	1	12657 620
28	16058	1.1	1	15265 793
29	12258	1.1	1	11775 483
30	13568	1.1	1	12742 826
31	12283	1.1	1	11687 596
32	11746	1.1	1	11098 648
33	11450	1.1	1	10824 626
34	10847	1.1	1	10201 646
35	9974	1.1	1	9417 557
36	10144	1.1	1	9520 624
37	8230	1.1	1	7752 478
38	10511	1.1	1	9928 583
39	7498	1.1	1	7123 375
40	6627	1.1	1	6284 343
41	5237	1.1	1	4933 304
42	8227	1.1	1	7779 448
43	4112	1.1	1	3799 313
44	12447	1.1	1	11971 476
45	5422	1.1	1	5144 278
46	2259	1.1	1	1994 265
47	7049	1.1	1	6704 345
48	1148	1.1	1	1011 137
49	2887	1.1	1	2728 159
50	994	1.1	1	857 137
51	1331	1.1	1	1211 120
52	847	1.1	1	734 113
53	2659	1.1	1	2446 213
54	3596	1.1	1	3346 250
55	1089	1.1	1	971 118
56	2137	1.1	1	1940 197
57	4397	1.1	1	4162 235
58	1273	1.1	1	1096 177
59	836	1.1	1	664 172
60	2844	1.1	1	2621 223
61	817	1.1	1	676 141
62	465	1.1	1	374 91
63	2129	1.1	1	1968 161
64	2480	1.1	1	2276 204
65	530	1.1	1	404 126
66	603	1.1	1	511 92
67	464	1.1	1	341 123
68	299	1.1	1	187 112
69	360	1.1	1	262 98
70	442	1.1	1	355 87
71	279	1.1	1	150 129
72	196	1.1	1	139 57
73	369	1.1	1	175 194
74	228	1.1	1	141 87
75	405	1.1	1	253 152
76	388	1.1	1	301 87
77	349	1.1	1	267 82
78	454	1.1	1	348 106
79	397	1.1	1	301 96
80	424	1.1	1	283 141
81	346	1.1	1	250 96
82	374	1.1	1	283 91
83	387	1.1	1	278 109
84	376	1.1	1	247 129
85	367	1.1	1	221 146
86	361	1.1	1	231 130
87	361	1.1	1	248 113
88	334	1.1	1	240 94
89	396	1.1	1	284 112
90	374	1.1	1	279 95
91	441	1.1	1	273 168
92	312	1.1	1	227 85
93	294	1.1	1	217 77
94	310	1.1	1	207 103
95	356	1.1	1	228 128
96	260	1.1	1	175 85
97	316	1.1	1	221 95
98	305	1.1	1	205 100
99	286	1.1	1	196 90
100	226	1.1	1	165 61
101	212	1.1	1	150 62
102	204	1.1	1	120 84
103	204	1.1	1	112 92
104	185	1.1	1	97 88
105	178	1.1	1	111 67
106	165	1.1	1	96 69
107	198	1.1	1	78 120
108	177	1.1	1	97 80
109	172	1.1	1	100 72
110	168	1.1	1	106 62
111	158	1.1	1	73 85
112	191	1.1	1	74 117
113	171	1.1	1	107 64
114	142	1.1	1	87 55
115	144	1.1	1	85 59
116	130	1.1	1	80 50
117	143	1.1	1	67 76
118	123	1.1	1	78 45
119	149	1.1	1	75 74
120	311	1.1	1	219 92
121	144	1.1	1	108 36
122	142	1.1	1	61 81
123	135	1.1	1	69 66
124	103	1.1	1	62 41
125	184	1.1	1	127 57
126	247	1.1	1	198 49
127	106	1.1	1	62 44
128	189	1.1	1	120 69
129	249	1.1	1	222 27
130	38096	1.1	1	37341 755
131	2100	1.1	1	1867 233
132	917	1.1	1	830 87
133	239	1.1	1	167 72
134	301	1.1	1	236 65
135	221	1.1	1	159 62
136	146	1.1	1	87 59
137	236	1.1	1	161 75
138	305	1.1	1	202 103
139	196	1.1	1	116 80
140	424	1.1	1	178 246
141	549	1.1	1	242 307
142	385	1.1	1	179 206
143	598	1.1	1	207 391
144	1295	1.1	1	352 943
145	3010	1.1	1	963 2047
146	590	1.1	1	229 361
147	598	1.1	1	184 414
148	606	1.1	1	227 379
149	154	1.1	1	60 94
150	1403	1.1	1	631 772

RUN STATISTICS FOR INPUT FILE: /mnt/xomics/remcovc/raw_data_recognition_2020-03/umi_extracted/059_TGTCCAGA-ATTCTGGC_L004_R3.processed.fastq.gz
=============================================
76890726 sequences processed in total

Total number of sequences analysed for the sequence pair length validation: 76890726

Number of sequence pairs removed because at least one read was shorter than the length cutoff (20 bp): 214750 (0.28%)
