
SUMMARISING RUN PARAMETERS
==========================
Input filename: /mnt/xomics/remcovc/raw_data_recognition_2020-03/umi_extracted/059_TGTCCAGA-ATTCTGGC_L004_R1.processed.fastq.gz
Trimming mode: paired-end
Trim Galore version: 0.6.6
Cutadapt version: 3.4
Number of cores used for trimming: 1
Quality Phred score cutoff: 20
Quality encoding type selected: ASCII+33
Using Illumina adapter for trimming (count: 8505). Second best hit was smallRNA (count: 6)
Adapter sequence: 'AGATCGGAAGAGC' (Illumina TruSeq, Sanger iPCR; auto-detected)
Maximum trimming error rate: 0.1 (default)
Minimum required adapter overlap (stringency): 1 bp
Minimum required sequence length for both reads before a sequence pair gets removed: 20 bp
Running FastQC on the data once trimming has completed
Output file will be GZIP compressed


This is cutadapt 3.4 with Python 3.8.5
Command line parameters: -j 1 -e 0.1 -q 20 -O 1 -a AGATCGGAAGAGC /mnt/xomics/remcovc/raw_data_recognition_2020-03/umi_extracted/059_TGTCCAGA-ATTCTGGC_L004_R1.processed.fastq.gz
Processing reads on 1 core in single-end mode ...
Finished in 2463.50 s (32 µs/read; 1.87 M reads/minute).

=== Summary ===

Total reads processed:              76,890,726
Reads with adapters:                26,835,766 (34.9%)
Reads written (passing filters):    76,890,726 (100.0%)

Total basepairs processed: 11,533,608,900 bp
Quality-trimmed:              18,493,674 bp (0.2%)
Total written (filtered):  11,425,906,091 bp (99.1%)

=== Adapter 1 ===

Sequence: AGATCGGAAGAGC; Type: regular 3'; Length: 13; Trimmed: 26835766 times

No. of allowed errors:
1-9 bp: 0; 10-13 bp: 1

Bases preceding removed adapters:
  A: 30.3%
  C: 32.0%
  G: 24.0%
  T: 13.6%
  none/other: 0.2%

Overview of removed sequences
length	count	expect	max.err	error counts
1	17769234	19222681.5	0	17769234
2	5711615	4805670.4	0	5711615
3	1754159	1201417.6	0	1754159
4	393489	300354.4	0	393489
5	123622	75088.6	0	123622
6	50052	18772.1	0	50052
7	42881	4693.0	0	42881
8	39550	1173.3	0	39550
9	37952	293.3	0	35531 2421
10	37578	73.3	1	33673 3905
11	35277	18.3	1	32540 2737
12	32879	4.6	1	31320 1559
13	29740	1.1	1	28605 1135
14	29265	1.1	1	28061 1204
15	28061	1.1	1	27054 1007
16	26186	1.1	1	25044 1142
17	27749	1.1	1	26432 1317
18	26234	1.1	1	25327 907
19	20523	1.1	1	19762 761
20	23107	1.1	1	22252 855
21	21889	1.1	1	21049 840
22	19956	1.1	1	19255 701
23	20293	1.1	1	19540 753
24	19175	1.1	1	18240 935
25	17640	1.1	1	16968 672
26	15260	1.1	1	14693 567
27	15934	1.1	1	15282 652
28	15008	1.1	1	14384 624
29	13930	1.1	1	13391 539
30	14388	1.1	1	13897 491
31	10832	1.1	1	10448 384
32	12782	1.1	1	12264 518
33	10793	1.1	1	10180 613
34	11028	1.1	1	10612 416
35	9605	1.1	1	9247 358
36	9228	1.1	1	8923 305
37	8024	1.1	1	7709 315
38	8113	1.1	1	7750 363
39	7375	1.1	1	7063 312
40	7104	1.1	1	6757 347
41	6403	1.1	1	6131 272
42	6227	1.1	1	5971 256
43	5696	1.1	1	5425 271
44	5440	1.1	1	5193 247
45	4813	1.1	1	4531 282
46	4380	1.1	1	4161 219
47	3966	1.1	1	3729 237
48	3965	1.1	1	3725 240
49	3559	1.1	1	3306 253
50	3415	1.1	1	3196 219
51	3115	1.1	1	2912 203
52	3135	1.1	1	2878 257
53	2651	1.1	1	2468 183
54	3773	1.1	1	3609 164
55	909	1.1	1	743 166
56	1762	1.1	1	1640 122
57	3103	1.1	1	2854 249
58	1782	1.1	1	1615 167
59	1056	1.1	1	956 100
60	1665	1.1	1	1530 135
61	1284	1.1	1	1116 168
62	959	1.1	1	822 137
63	1150	1.1	1	995 155
64	1514	1.1	1	1373 141
65	863	1.1	1	710 153
66	855	1.1	1	699 156
67	742	1.1	1	626 116
68	910	1.1	1	847 63
69	504	1.1	1	430 74
70	443	1.1	1	311 132
71	934	1.1	1	800 134
72	780	1.1	1	450 330
73	436	1.1	1	337 99
74	400	1.1	1	322 78
75	1223	1.1	1	1100 123
76	503	1.1	1	351 152
77	454	1.1	1	346 108
78	380	1.1	1	249 131
79	284	1.1	1	179 105
80	150	1.1	1	68 82
81	174	1.1	1	127 47
82	245	1.1	1	215 30
83	335	1.1	1	269 66
84	440	1.1	1	365 75
85	493	1.1	1	337 156
86	607	1.1	1	505 102
87	366	1.1	1	305 61
88	363	1.1	1	262 101
89	422	1.1	1	321 101
90	400	1.1	1	323 77
91	416	1.1	1	251 165
92	280	1.1	1	225 55
93	254	1.1	1	205 49
94	310	1.1	1	184 126
95	313	1.1	1	237 76
96	296	1.1	1	207 89
97	291	1.1	1	181 110
98	186	1.1	1	153 33
99	316	1.1	1	154 162
100	193	1.1	1	134 59
101	255	1.1	1	137 118
102	158	1.1	1	89 69
103	135	1.1	1	103 32
104	103	1.1	1	76 27
105	196	1.1	1	94 102
106	176	1.1	1	77 99
107	148	1.1	1	80 68
108	182	1.1	1	90 92
109	164	1.1	1	91 73
110	167	1.1	1	104 63
111	157	1.1	1	92 65
112	163	1.1	1	94 69
113	162	1.1	1	111 51
114	245	1.1	1	119 126
115	178	1.1	1	106 72
116	191	1.1	1	109 82
117	226	1.1	1	123 103
118	267	1.1	1	161 106
119	232	1.1	1	144 88
120	317	1.1	1	212 105
121	234	1.1	1	154 80
122	216	1.1	1	116 100
123	182	1.1	1	120 62
124	156	1.1	1	102 54
125	247	1.1	1	178 69
126	360	1.1	1	250 110
127	236	1.1	1	132 104
128	281	1.1	1	189 92
129	338	1.1	1	257 81
130	38167	1.1	1	35246 2921
131	2223	1.1	1	1965 258
132	1053	1.1	1	900 153
133	427	1.1	1	357 70
134	542	1.1	1	471 71
135	594	1.1	1	506 88
136	413	1.1	1	323 90
137	588	1.1	1	477 111
138	922	1.1	1	715 207
139	814	1.1	1	721 93
140	2379	1.1	1	2281 98
141	1833	1.1	1	1544 289
142	8422	1.1	1	3383 5039
143	2689	1.1	1	2296 393
144	7648	1.1	1	7496 152
145	16199	1.1	1	16071 128
146	4103	1.1	1	4027 76
147	3115	1.1	1	2888 227
148	2569	1.1	1	2407 162
149	913	1.1	1	478 435
150	134288	1.1	1	4084 130204

RUN STATISTICS FOR INPUT FILE: /mnt/xomics/remcovc/raw_data_recognition_2020-03/umi_extracted/059_TGTCCAGA-ATTCTGGC_L004_R1.processed.fastq.gz
=============================================
76890726 sequences processed in total

